1.000000000 0.000000000 0.000000000 0.000000000 0.000000000 1.000000000 0.000000000 0.000000000 0.000000000 0.000000000 1.000000000 0.000000000
1.000000000 -0.000094638 0.000027570 -0.001025171 0.000094638 1.000000000 0.000009019 0.000555152 -0.000027570 -0.000009016 1.000000000 0.009845698
0.999999940 -0.000317921 -0.000253934 0.001853408 0.000317923 0.999999940 0.000009164 -0.001216099 0.000253931 -0.000009245 0.999999940 0.040305942
0.999999821 -0.000333347 -0.000527756 0.001225725 0.000333367 0.999999940 0.000038503 -0.003872442 0.000527743 -0.000038679 0.999999881 0.065876544
0.999999583 -0.000353135 -0.000871094 0.003900362 0.000352930 0.999999881 -0.000236166 -0.002765454 0.000871178 0.000235859 0.999999583 0.094789408
0.999999285 -0.000475808 -0.001078019 -0.001187015 0.000475247 0.999999762 -0.000520528 -0.002514729 0.001078266 0.000520015 0.999999285 0.132144898
0.999998331 -0.000611732 -0.001722785 0.001721355 0.000609459 0.999998927 -0.001319704 -0.002747281 0.001723591 0.001318652 0.999997616 0.180884019
0.999996960 -0.000618885 -0.002378570 0.000372194 0.000612326 0.999996006 -0.002757385 -0.002066265 0.002380267 0.002755920 0.999993384 0.223521695
0.999995708 -0.000532210 -0.002871475 -0.005697105 0.000520657 0.999991775 -0.004022602 -0.003438718 0.002873593 0.004021090 0.999987781 0.292158246
0.999990880 -0.001348812 -0.004048313 -0.003350446 0.001332647 0.999991119 -0.003992905 -0.003286320 0.004053662 0.003987474 0.999983847 0.380443662
0.999984801 -0.001325164 -0.005355410 -0.004877604 0.001305174 0.999992192 -0.003734406 -0.004429196 0.005360316 0.003727360 0.999978662 0.481470644
0.999975562 -0.001290561 -0.006868434 -0.006893844 0.001266997 0.999993324 -0.003433991 -0.002696433 0.006872820 0.003425205 0.999970496 0.607597232
0.999961555 -0.000716049 -0.008739748 -0.012038509 0.000686978 0.999994218 -0.003328777 -0.002078956 0.008742081 0.003322645 0.999956250 0.728396177
0.999932110 -0.000204268 -0.011647999 -0.016890798 0.000165797 0.999994516 -0.003303661 -0.007656800 0.011648610 0.003301505 0.999926686 0.859216332
0.999888003 -0.000334335 -0.014960731 -0.020318989 0.000285605 0.999994636 -0.003259201 -0.010663239 0.014961741 0.003254563 0.999882758 1.004110456
0.999815524 -0.001113800 -0.019174779 -0.028361239 0.001064039 0.999996066 -0.002605134 -0.012830381 0.019177604 0.002584251 0.999812782 1.165658951
0.999706864 -0.001766778 -0.024147451 -0.032203086 0.001705453 0.999995291 -0.002559929 -0.010025834 0.024151860 0.002517996 0.999705136 1.344589233
0.999579310 -0.001911554 -0.028940504 -0.045828056 0.001833632 0.999994636 -0.002718789 -0.010459299 0.028945545 0.002664579 0.999577463 1.524149299
0.999416471 -0.001663236 -0.034117274 -0.058125682 0.001570939 0.999995053 -0.002731928 -0.010215451 0.034121647 0.002676738 0.999414086 1.722104788
0.999230802 -0.000722276 -0.039208226 -0.070346914 0.000643502 0.999997735 -0.002021685 -0.015667129 0.039209597 0.001994900 0.999229014 1.917373300
0.999023914 0.001424664 -0.044149842 -0.095318958 -0.001481622 0.999998093 -0.001257413 -0.016139844 0.044147968 0.001321599 0.999024153 2.130312920
0.998737156 0.004050567 -0.050077010 -0.109540008 -0.004053352 0.999991775 0.000045943 -0.018694427 0.050076783 0.000157095 0.998745382 2.346365929
0.998435736 0.005160090 -0.055673186 -0.131709576 -0.005095600 0.999986172 0.001300261 -0.020150028 0.055679128 -0.001014539 0.998448193 2.570008278
0.998082101 0.006484160 -0.061563857 -0.153917953 -0.006437565 0.999978840 0.000955182 -0.022178004 0.061568748 -0.000557028 0.998102665 2.804499626
0.997687578 0.005096905 -0.067775778 -0.173514828 -0.005092889 0.999987006 0.000232055 -0.027193956 0.067776084 0.000113657 0.997700572 3.044611216
0.997273982 0.003889553 -0.073685296 -0.197123513 -0.003912730 0.999992311 -0.000170194 -0.031899031 0.073684074 0.000458041 0.997281551 3.285670519
0.996898651 0.003481781 -0.078618690 -0.228167206 -0.003459407 0.999993920 0.000420790 -0.025399623 0.078619681 -0.000147511 0.996904671 3.555808067
0.996491134 0.004812541 -0.083559990 -0.244395941 -0.004727614 0.999988079 0.001214206 -0.028782416 0.083564833 -0.000814906 0.996501982 3.830016613
0.996293426 0.005156590 -0.085865006 -0.272936851 -0.005114857 0.999986649 0.000706030 -0.031881284 0.085867502 -0.000264226 0.996306539 4.098682404
0.996306300 0.005903103 -0.085667595 -0.299739122 -0.005998299 0.999981642 -0.000853860 -0.036461271 0.085660979 0.001364566 0.996323407 4.369616032
0.996529996 0.004871692 -0.083091594 -0.320246458 -0.005211640 0.999978900 -0.003874847 -0.044100862 0.083070971 0.004294444 0.996534407 4.656780243
0.996985853 0.006218811 -0.077334113 -0.344092786 -0.006668605 0.999962330 -0.005559362 -0.048728622 0.077296630 0.006058316 0.996989727 4.941025734
0.997559488 0.006629540 -0.069506228 -0.357093930 -0.007037529 0.999959409 -0.005626585 -0.048062835 0.069466107 0.006102005 0.997565627 5.243439674
0.998146951 0.006886072 -0.060458757 -0.366677910 -0.007183766 0.999963105 -0.004707950 -0.043911155 0.060424108 0.005133547 0.998159587 5.564333439
0.998783767 0.006411001 -0.048886333 -0.378778070 -0.006577146 0.999973118 -0.003238484 -0.047565207 0.048864257 0.003556078 0.998799086 5.878901482
0.999346077 0.005842489 -0.035683881 -0.380654633 -0.005964956 0.999976695 -0.003326503 -0.050375465 0.035663612 0.003537181 0.999357581 6.193353176
0.999786556 0.004538572 -0.020154968 -0.376299262 -0.004641277 0.999976456 -0.005051917 -0.055987954 0.020131566 0.005144383 0.999784112 6.512538910
0.999993920 0.002074361 -0.002798748 -0.365147233 -0.002089924 0.999982297 -0.005569540 -0.059241273 0.002787145 0.005575355 0.999980569 6.850172520
0.999875784 0.001250585 0.015712708 -0.345755666 -0.001188631 0.999991477 -0.003951680 -0.060659617 -0.015717518 0.003932512 0.999868751 7.187238693
0.999391139 0.002056369 0.034829088 -0.310428858 -0.002022974 0.999997437 -0.000994036 -0.074743286 -0.034831043 0.000922973 0.999392807 7.545393467
0.998390436 0.006180579 0.056376565 -0.283783406 -0.006198437 0.999980807 0.000141906 -0.080160484 -0.056374606 -0.000491124 0.998409569 7.906450748
0.996832907 0.006251151 0.079278737 -0.237658367 -0.006076376 0.999978542 -0.002445617 -0.075176299 -0.079292327 0.001956144 0.996849477 8.270093918
0.994478166 0.005300912 0.104809865 -0.174094960 -0.004776278 0.999974787 -0.005255942 -0.081302106 -0.104835086 0.004726319 0.994478405 8.633521080
0.990881324 0.004294428 0.134669200 -0.106819950 -0.003299264 0.999965608 -0.007611989 -0.092210531 -0.134697244 0.007098268 0.990861356 8.997068405
0.985887468 0.006123147 0.167297319 -0.026554249 -0.004609097 0.999944866 -0.009436843 -0.100463122 -0.167345867 0.008532576 0.985861301 9.375274658
0.979164720 0.007448581 0.202930823 0.077332616 -0.005161888 0.999917090 -0.011795276 -0.109144807 -0.203001872 0.010502012 0.979122043 9.741838455
0.970177233 0.006735194 0.242302954 0.195459753 -0.003358784 0.999891460 -0.014345045 -0.115001567 -0.242373273 0.013103393 0.970094562 10.111413002
0.958832383 0.006446634 0.283899426 0.332065135 -0.001720825 0.999855816 -0.016892333 -0.119898818 -0.283967376 0.015708374 0.958705246 10.475374222
0.944757879 0.005274963 0.327726573 0.491668433 0.000676281 0.999836981 -0.018042555 -0.124324530 -0.327768326 0.017267482 0.944600344 10.846503258
0.927619457 0.003802198 0.373507321 0.658523977 0.002378312 0.999867797 -0.016085001 -0.135458097 -0.373519123 0.015809076 0.927487791 11.193839073
0.907829642 0.001214902 0.419337332 0.838783145 0.004934493 0.999895632 -0.013579650 -0.144521862 -0.419310063 0.014397226 0.907728910 11.525555611
0.885716081 -0.001830712 0.464223772 1.050441265 0.007831621 0.999908864 -0.010999111 -0.151869759 -0.464161307 0.013377713 0.885649681 11.871937752
0.861248851 -0.004234056 0.508165836 1.281110525 0.009930626 0.999914587 -0.008499287 -0.163689479 -0.508086383 0.012366407 0.861217320 12.209218979
0.834190071 -0.005232139 0.551452219 1.529100418 0.010720629 0.999919891 -0.006730090 -0.172200754 -0.551372826 0.011526089 0.834179342 12.551074982
0.806251407 -0.008836824 0.591507018 1.816816211 0.015482888 0.999861121 -0.006166459 -0.186449289 -0.591370404 0.014129953 0.806276262 12.844869614
0.774889946 -0.009264622 0.632028282 2.102893353 0.017052878 0.999835074 -0.006251317 -0.193609655 -0.631866157 0.015621984 0.774920106 13.152173996
0.741338074 -0.006901079 0.671096325 2.399108648 0.015695883 0.999851882 -0.007056958 -0.200932115 -0.670948207 0.015765041 0.741336584 13.440994263
0.706156492 -0.004041871 0.708044291 2.736955643 0.013915606 0.999869764 -0.008170749 -0.208787903 -0.707919061 0.015622692 0.706120729 13.727532387
0.668266714 0.000313540 0.743921697 3.079153061 0.011133838 0.999883711 -0.010422975 -0.212816983 -0.743838429 0.015248031 0.668185472 13.995971680
0.626948476 0.003027228 0.779054821 3.452435255 0.010422039 0.999870360 -0.012272459 -0.216761529 -0.778990984 0.015813541 0.626835704 14.256851196
0.582626522 0.003716483 0.812731564 3.845855713 0.009577014 0.999888718 -0.011437839 -0.223463520 -0.812683582 0.014447529 0.582526088 14.521830559
0.538507938 -0.001208230 0.842619598 4.275615692 0.015522399 0.999843478 -0.008486502 -0.226341024 -0.842477500 0.017649526 0.538442373 14.731189728
0.490485609 -0.002753368 0.871445000 4.718084812 0.017262364 0.999829471 -0.006556975 -0.231697038 -0.871278346 0.018259302 0.490449488 14.942399979
0.441651285 -0.001721209 0.897185147 5.178602219 0.016332207 0.999847889 -0.006121584 -0.239377037 -0.897038162 0.017356619 0.441612184 15.135054588
0.392413378 -0.000606747 0.919788778 5.646739006 0.014359152 0.999881983 -0.005466526 -0.243284076 -0.919676900 0.015352525 0.392375767 15.308694839
0.342432916 -0.000453283 0.939542294 6.152226448 0.013170592 0.999903917 -0.004317855 -0.247975290 -0.939450085 0.013852902 0.342405975 15.468694687
0.294126391 -0.002711266 0.955762804 6.668114662 0.017033866 0.999852002 -0.002405667 -0.252350599 -0.955614805 0.016987903 0.294129074 15.592168808
0.250210404 -0.006664413 0.968168557 7.208321571 0.022949642 0.999736190 0.000950678 -0.257425487 -0.967919469 0.021981250 0.250297308 15.687540054
0.210497379 -0.010486005 0.977538288 7.746435642 0.026769826 0.999629319 0.004958514 -0.254957557 -0.977227926 0.025124772 0.210700095 15.774758339
0.174768090 -0.012980220 0.984524071 8.319867134 0.026426839 0.999614716 0.008488008 -0.254923910 -0.984254897 0.024534425 0.175043821 15.856678009
0.145269156 -0.014411525 0.989287317 8.912293434 0.024699830 0.999635100 0.010935287 -0.257986605 -0.989083946 0.022846663 0.145572066 15.926630974
0.120316029 -0.014601755 0.992628336 9.491468430 0.031810194 0.999435067 0.010846184 -0.261626422 -0.992225945 0.030270727 0.120712519 15.985960007
0.098535299 -0.011290255 0.995069683 10.120084763 0.035973500 0.999322474 0.007776282 -0.252236933 -0.994483292 0.035029892 0.098874688 16.025703430
0.079222918 -0.007499686 0.996828735 10.748275757 0.039116535 0.999224901 0.004408928 -0.247453257 -0.996089160 0.038643196 0.079454899 16.061880112
0.064113021 -0.006162524 0.997923672 11.393378258 0.036451206 0.999328077 0.003829334 -0.248518899 -0.997276783 0.036130007 0.064294577 16.102157593
0.051546276 -0.007387399 0.998643398 12.054408073 0.035874557 0.999340951 0.005540843 -0.250094086 -0.998026133 0.035540272 0.051777363 16.130302429
0.039120495 -0.007087805 0.999209404 12.724739075 0.035232782 0.999362826 0.005709475 -0.249946326 -0.998613238 0.034981567 0.039345324 16.155572891
0.027817905 -0.006444084 0.999592364 13.415483475 0.036927994 0.999303281 0.005414538 -0.247736067 -0.998930812 0.036762312 0.028036475 16.165288925
0.017775536 -0.005824435 0.999825001 14.118376732 0.038238280 0.999255419 0.005141295 -0.251642734 -0.999110460 0.038140200 0.017984986 16.180044174
0.010370612 -0.006466932 0.999925375 14.831723213 0.039246224 0.999211252 0.006055275 -0.250289202 -0.999175787 0.039180495 0.010616243 16.182954788
0.004786849 -0.007546287 0.999960124 15.551306725 0.040153749 0.999166489 0.007348081 -0.252232969 -0.999182105 0.040116973 0.005085826 16.193470001
0.000010252 -0.009675992 0.999953270 16.289676666 0.041190293 0.999104559 0.009667356 -0.254388571 -0.999151409 0.041188266 0.000408828 16.189979553
-0.005159259 -0.010093174 0.999935806 17.046880722 0.040610570 0.999122024 0.010294492 -0.254841387 -0.999161780 0.040661070 -0.004744768 16.188341141
-0.009500265 -0.010045643 0.999904573 17.801715851 0.039166354 0.999178469 0.010410470 -0.258009434 -0.999187708 0.039261512 -0.009099007 16.190807343
-0.012814403 -0.010366645 0.999864280 18.582790375 0.040972456 0.999100983 0.010883835 -0.250101864 -0.999078214 0.041106358 -0.012378097 16.179300308
-0.014257073 -0.011468595 0.999832571 19.366973877 0.044096984 0.998954117 0.012087322 -0.249009043 -0.998925507 0.044261932 -0.013736486 16.159568787
-0.015393019 -0.010758338 0.999823630 20.163127899 0.045420118 0.998902380 0.011447703 -0.249745816 -0.998849332 0.045588326 -0.014887452 16.152240753
-0.015921593 -0.009704674 0.999826312 20.967485428 0.046676546 0.998855531 0.010438538 -0.246456116 -0.998783290 0.046834625 -0.015450358 16.142066956
-0.016201973 -0.008635102 0.999831498 21.765829086 0.047111835 0.998845458 0.009390016 -0.245916128 -0.998758256 0.047256034 -0.015776515 16.138656616
-0.016657352 -0.009096184 0.999819934 22.598636627 0.048230886 0.998787224 0.009890326 -0.253886789 -0.998697340 0.048386946 -0.016198397 16.124788284
-0.016982079 -0.008656320 0.999818385 23.433774948 0.049644221 0.998721898 0.009490038 -0.250528157 -0.998622656 0.049796361 -0.016530633 16.111740112
-0.017604113 -0.008757673 0.999806821 24.288520813 0.050178483 0.998693824 0.009631437 -0.254449636 -0.998585224 0.050338335 -0.017141700 16.115177155
-0.018498063 -0.008267793 0.999794841 25.146759033 0.050271500 0.998693347 0.009188798 -0.256014884 -0.998564422 0.050431155 -0.018058300 16.112751007
-0.018504977 -0.008214750 0.999795079 26.052944183 0.050981857 0.998657644 0.009149012 -0.249717683 -0.998528183 0.051140711 -0.018061280 16.082195282
-0.018789172 -0.008630437 0.999786377 26.952201843 0.052091077 0.998596191 0.009599118 -0.246509641 -0.998465717 0.052260302 -0.018313289 16.065835953
-0.019255996 -0.009086544 0.999773443 27.876846313 0.050557241 0.998670578 0.010050266 -0.243616074 -0.998535693 0.050739303 -0.018771052 16.049499512
-0.020374179 -0.008276653 0.999758244 28.784126282 0.048912212 0.998760104 0.009265172 -0.251861483 -0.998595357 0.049089152 -0.019944191 16.058172226
-0.020991206 -0.007072451 0.999754667 29.711914062 0.048574321 0.998786867 0.008085487 -0.232904613 -0.998598993 0.048732128 -0.020622253 16.041549683
-0.021993279 -0.007388068 0.999730945 30.667129517 0.047858737 0.998818517 0.008434173 -0.233469844 -0.998612046 0.048031349 -0.021613717 16.025154114
-0.022992492 -0.008085802 0.999703050 31.601772308 0.047528498 0.998827755 0.009171840 -0.237907887 -0.998605371 0.047725260 -0.022581220 16.018133163
-0.023988962 -0.008740638 0.999674141 32.567951202 0.046588566 0.998865604 0.009851541 -0.238209665 -0.998626173 0.046809707 -0.023554564 16.002449036
-0.024532318 -0.010327231 0.999645829 33.560073853 0.046504054 0.998852372 0.011460285 -0.234361887 -0.998616993 0.046768721 -0.024023890 15.971233368
-0.025559187 -0.011186108 0.999610841 34.556655884 0.046105951 0.998860121 0.012356595 -0.230636835 -0.998609602 0.046403829 -0.025014400 15.954421997
-0.026302934 -0.010963350 0.999593854 35.558082581 0.046127830 0.998861432 0.012169112 -0.229850054 -0.998589158 0.046429180 -0.025767326 15.928306580
-0.027424216 -0.008682779 0.999586225 36.545810699 0.045939364 0.998894811 0.009937144 -0.230916142 -0.998567760 0.046192870 -0.026994944 15.921924591
-0.028116703 -0.007179044 0.999578834 37.560649872 0.045869593 0.998911560 0.008464495 -0.230986357 -0.998551667 0.046088271 -0.027756810 15.895572662
