1.000000000 0.000000000 0.000000000 0.000000000 0.000000000 1.000000000 0.000000000 0.000000000 0.000000000 0.000000000 1.000000000 0.000000000
0.999998391 0.001077429 -0.001443155 -0.019353058 -0.001076087 0.999998987 0.000930853 0.004473338 0.001444156 -0.000929298 0.999998510 1.911994338
0.999994218 0.002334480 -0.002462980 -0.036660653 -0.002331503 0.999996543 0.001210675 0.006680166 0.002465798 -0.001204926 0.999996245 3.801616192
0.999987662 0.003438147 -0.003579844 -0.056589123 -0.003429109 0.999990940 0.002527929 0.002251783 0.003588503 -0.002515622 0.999990404 5.697916031
0.999976397 0.005138450 -0.004556866 -0.080067620 -0.005123017 0.999981105 0.003391975 0.013670752 0.004574209 -0.003368550 0.999983847 7.580245495
0.999964535 0.006391474 -0.005486207 -0.108451523 -0.006371597 0.999973118 0.003633016 0.022530362 0.005509279 -0.003597931 0.999978364 9.452498436
0.999952257 0.007275532 -0.006524301 -0.134150222 -0.007254511 0.999968410 0.003239898 0.028755201 0.006547667 -0.003192413 0.999973476 11.319544792
0.999938011 0.007941428 -0.007802613 -0.157696396 -0.007926246 0.999966621 0.001974695 0.033625010 0.007818035 -0.001912727 0.999967635 13.180254936
0.999927998 0.008258978 -0.008703741 -0.186027363 -0.008259991 0.999965906 -0.000080459 0.037945341 0.008702780 0.000152347 0.999962091 15.039306641
0.999915600 0.008420275 -0.009895537 -0.214110881 -0.008430914 0.999963939 -0.001034038 0.036091387 0.009886473 0.001117379 0.999950528 16.907810211
0.999907494 0.008265230 -0.010800439 -0.251126200 -0.008295609 0.999961734 -0.002770981 0.035457913 0.010777122 0.002860321 0.999937832 18.768585205
0.999891520 0.008588959 -0.011965008 -0.281477183 -0.008630896 0.999956787 -0.003457770 0.032646343 0.011934792 0.003560664 0.999922454 20.609441757
0.999890447 0.007293808 -0.012881165 -0.311311364 -0.007336540 0.999967754 -0.003273288 0.020233447 0.012856875 0.003367432 0.999911666 22.455215454
0.999877512 0.007823545 -0.013554941 -0.349866837 -0.007857819 0.999966085 -0.002477035 0.018968586 0.013535102 0.002583244 0.999905050 24.311349869
0.999867916 0.008224465 -0.014019911 -0.384673744 -0.008242552 0.999965250 -0.001232786 0.012597678 0.014009286 0.001348183 0.999900937 26.131958008
0.999857664 0.009156562 -0.014169152 -0.427954853 -0.009160943 0.999957979 -0.000244339 0.010654241 0.014166320 0.000374107 0.999899566 28.026708603
0.999858379 0.008701279 -0.014405862 -0.458666205 -0.008691391 0.999961972 0.000748843 0.008741768 0.014411830 -0.000623530 0.999895930 29.861833572
0.999858975 0.008961877 -0.014201446 -0.500793576 -0.008949933 0.999959528 0.000904405 0.017688565 0.014208977 -0.000777175 0.999898732 31.683599472
0.999869227 0.007585958 -0.014281431 -0.543006301 -0.007561818 0.999969900 0.001743556 0.011762299 0.014294228 -0.001635335 0.999896467 33.545055389
0.999868453 0.007492010 -0.014384669 -0.584812880 -0.007466484 0.999970436 0.001827436 0.017638400 0.014397935 -0.001719793 0.999894857 35.379257202
0.999874771 0.005938550 -0.014669516 -0.618521273 -0.005938678 0.999982357 0.000034868 0.015835108 0.014669464 0.000052254 0.999892414 37.195774078
0.999875784 0.005583376 -0.014739658 -0.652505100 -0.005571542 0.999984145 0.000843782 0.016225396 0.014744135 -0.000761554 0.999890983 39.022029877
0.999880552 0.004607311 -0.014752284 -0.690336287 -0.004575188 0.999987066 0.002210509 0.018013766 0.014762278 -0.002142750 0.999888718 40.823917389
0.999880672 0.004114743 -0.014890271 -0.725868285 -0.004057627 0.999984324 0.003864004 0.019792896 0.014905937 -0.003803124 0.999881685 42.616153717
0.999883473 0.002929203 -0.014980523 -0.760671079 -0.002864993 0.999986649 0.004305887 0.024696728 0.014992935 -0.004262466 0.999878526 44.406089783
0.999879420 0.002338610 -0.015349888 -0.801243782 -0.002270814 0.999987602 0.004432610 0.029459588 0.015360064 -0.004397220 0.999872386 46.177894592
0.999869525 0.001956258 -0.016036332 -0.834997654 -0.001889770 0.999989569 0.004160222 0.030178078 0.016044302 -0.004129374 0.999862731 47.942977905
0.999859333 0.001481703 -0.016706755 -0.864121377 -0.001416474 0.999991357 0.003915507 0.034112554 0.016712412 -0.003891292 0.999852777 49.675640106
0.999849617 0.001967871 -0.017230300 -0.917129636 -0.001904828 0.999991417 0.003674479 0.030165931 0.017237384 -0.003641105 0.999844790 51.411151886
0.999837279 0.002433508 -0.017874172 -0.963258803 -0.002351583 0.999986649 0.004603068 0.033140987 0.017885134 -0.004560287 0.999829650 53.135154724
0.999825299 0.003424861 -0.018376190 -1.012168527 -0.003318954 0.999977708 0.005790667 0.036872890 0.018395614 -0.005728666 0.999814391 54.836738586
0.999812424 0.003655861 -0.019021295 -1.056374192 -0.003525795 0.999970198 0.006866931 0.037918810 0.019045833 -0.006798577 0.999795496 56.517795563
0.999801159 0.004117012 -0.019510759 -1.100563526 -0.003993281 0.999971688 0.006376402 0.043094449 0.019536458 -0.006297222 0.999789298 58.178787231
0.999783635 0.003831528 -0.020445254 -1.140581608 -0.003739652 0.999982774 0.004530089 0.045333222 0.020462258 -0.004452651 0.999780715 59.812480927
0.999765694 0.003364691 -0.021384181 -1.184209108 -0.003282445 0.999987066 0.003880023 0.044529345 0.021396961 -0.003808922 0.999763787 61.425647736
0.999745548 0.002984627 -0.022359904 -1.236711144 -0.002902908 0.999988973 0.003686290 0.039234955 0.022370661 -0.003620443 0.999743164 63.043014526
0.999725521 0.002806060 -0.023260267 -1.285942316 -0.002710408 0.999987721 0.004142766 0.038631860 0.023271607 -0.004078584 0.999720871 64.622756958
0.999698758 0.003374318 -0.024311177 -1.334650517 -0.003244546 0.999980271 0.005375430 0.041328855 0.024328835 -0.005294932 0.999689996 66.177314758
0.999672294 0.003777761 -0.025318937 -1.379201889 -0.003636849 0.999977648 0.005609254 0.035345845 0.025339562 -0.005515334 0.999663711 67.750679016
0.999636710 0.004620869 -0.026553616 -1.429406404 -0.004504684 0.999980032 0.004433648 0.042687926 0.026573572 -0.004312421 0.999637544 69.282707214
0.999609351 0.004792738 -0.027534375 -1.483901381 -0.004690283 0.999981821 0.003784358 0.041893598 0.027552012 -0.003653735 0.999613702 70.834800720
0.999577463 0.004272814 -0.028752228 -1.538535714 -0.004195451 0.999987423 0.002750451 0.044092011 0.028763618 -0.002628660 0.999582767 72.347122192
0.999545634 0.003781615 -0.029904013 -1.589637876 -0.003728940 0.999991417 0.001817020 0.047062919 0.029910626 -0.001704684 0.999551117 73.834442139
0.999508440 0.003455190 -0.031159837 -1.646627426 -0.003397695 0.999992430 0.001897949 0.039041776 0.031166157 -0.001791144 0.999512613 75.368690491
0.999470234 0.003309869 -0.032377802 -1.703476667 -0.003245033 0.999992609 0.002054816 0.041818000 0.032384362 -0.001948660 0.999473572 76.867637634
0.999430418 0.002628167 -0.033644848 -1.756598115 -0.002573055 0.999995291 0.001681233 0.040775102 0.033649106 -0.001593705 0.999432445 78.347465515
0.999387443 0.002476066 -0.034909230 -1.815711737 -0.002464350 0.999996901 0.000378637 0.041706752 0.034910057 -0.000292377 0.999390423 79.823059082
0.999350071 0.001462167 -0.036017835 -1.878814459 -0.001503584 0.999998212 -0.001122853 0.043695167 0.036016129 0.001176279 0.999350488 81.287528992
0.999304414 0.001522939 -0.037260145 -1.943659663 -0.001572318 0.999997914 -0.001295999 0.038456384 0.037258092 0.001353683 0.999304771 82.764732361
0.999263585 0.001735870 -0.038331132 -2.016130447 -0.001707662 0.999998271 0.000768631 0.033631723 0.038332403 -0.000702608 0.999264777 84.210418701
0.999221802 0.002416377 -0.039370015 -2.075637817 -0.002365509 0.999996305 0.001338574 0.030153364 0.039373107 -0.001244402 0.999223828 85.662521362
0.999187171 0.002756332 -0.040216379 -2.143005133 -0.002716025 0.999995768 0.001056863 0.037677146 0.040219121 -0.000946776 0.999190450 87.082221985
0.999132574 0.003171019 -0.041521754 -2.211860180 -0.003138613 0.999994695 0.000845641 0.029062722 0.041524217 -0.000714586 0.999137223 88.533241272
0.999080718 0.002722672 -0.042782057 -2.276560068 -0.002676849 0.999995768 0.001128348 0.028763628 0.042784952 -0.001012789 0.999083817 89.938537598
0.999028742 0.002028550 -0.044016887 -2.339657307 -0.001972741 0.999997199 0.001311297 0.024103621 0.044019423 -0.001223190 0.999029934 91.353355408
0.998986423 0.001528498 -0.044985931 -2.413203955 -0.001461642 0.999997795 0.001519010 0.023522135 0.044988152 -0.001451717 0.998986483 92.747665405
0.998935699 0.000694639 -0.046119504 -2.481083155 -0.000569980 0.999996126 0.002716053 0.022410957 0.046121210 -0.002686875 0.998932242 94.128852844
0.998893082 0.000334403 -0.047036678 -2.554402113 -0.000179977 0.999994576 0.003287279 0.025225794 0.047037523 -0.003275175 0.998887777 95.486335754
0.998854160 -0.000354583 -0.047856599 -2.630312681 0.000496492 0.999995530 0.002953457 0.029747952 0.047855336 -0.002973833 0.998849869 96.821159363
0.998790383 -0.000691548 -0.049165718 -2.697016239 0.000890216 0.999991536 0.004019002 0.023354191 0.049162522 -0.004057909 0.998782575 98.163368225
0.998751402 -0.000576698 -0.049952842 -2.773389101 0.000828726 0.999987006 0.005024752 0.028346289 0.049949296 -0.005059875 0.998738945 99.466575623
0.998684645 -0.000395728 -0.051272541 -2.839062214 0.000682735 0.999984205 0.005580284 0.022566354 0.051269524 -0.005607949 0.998669088 100.772338867
0.998632789 0.000190087 -0.052272975 -2.915780544 0.000126371 0.999981701 0.006050573 0.025696445 0.052273169 -0.006048906 0.998614490 102.042755127
0.998594403 0.001197209 -0.052988455 -2.994420528 -0.000903123 0.999984086 0.005573605 0.029880363 0.052994281 -0.005517916 0.998579562 103.288215637
0.998534739 0.001581159 -0.054091614 -3.072919369 -0.001365879 0.999991000 0.004016651 0.031979430 0.054097477 -0.003936883 0.998527884 104.572937012
0.998482645 0.001746342 -0.055040061 -3.148415089 -0.001585698 0.999994338 0.002962208 0.037660856 0.055044923 -0.002870437 0.998479724 105.784255981
0.998426378 0.002542221 -0.056020770 -3.223880529 -0.002390231 0.999993265 0.002779950 0.037611850 0.056027461 -0.002641673 0.998425722 106.987121582
0.998379529 0.002401483 -0.056855362 -3.298318863 -0.002238883 0.999993205 0.002923401 0.036578361 0.056861997 -0.002791371 0.998378158 108.169265747
0.998317122 0.002824779 -0.057922062 -3.374482155 -0.002640516 0.999991179 0.003257521 0.037499942 0.057930753 -0.003099095 0.998315811 109.353736877
0.998261392 0.002872555 -0.058871806 -3.453549623 -0.002698760 0.999991775 0.003031403 0.042301867 0.058880031 -0.002867252 0.998260975 110.514945984
0.998208761 0.003203379 -0.059741028 -3.530080080 -0.003034243 0.999991119 0.002921651 0.043993294 0.059749857 -0.002735149 0.998209655 111.651313782
0.998128533 0.003746034 -0.061035771 -3.606195211 -0.003565549 0.999988973 0.003065693 0.041464053 0.061046582 -0.002842330 0.998130858 112.805541992
0.998066843 0.003347658 -0.062059037 -3.683799982 -0.003165657 0.999990404 0.003030804 0.049360503 0.062068589 -0.002828487 0.998067856 113.927864075
0.998005033 0.003278270 -0.063049272 -3.762941122 -0.003107724 0.999991238 0.002802849 0.048566297 0.063057907 -0.002601317 0.998006463 115.058135986
0.997935295 0.003102741 -0.064152099 -3.842876196 -0.002955280 0.999992788 0.002393385 0.056060925 0.064159065 -0.002198856 0.997937262 116.161476135
0.997849882 0.003201258 -0.065462276 -3.917039394 -0.002999651 0.999990463 0.003177795 0.051449351 0.065471828 -0.002974598 0.997850001 117.260589600
0.997776091 0.002984131 -0.066588059 -3.997894049 -0.002765218 0.999990463 0.003379485 0.054332692 0.066597506 -0.003187839 0.997774839 118.327354431
0.997707069 0.002938219 -0.067616291 -4.075390816 -0.002713482 0.999990463 0.003415307 0.052718796 0.067625687 -0.003224000 0.997705579 119.412162781
0.997638106 0.003036892 -0.068621695 -4.154015541 -0.002862384 0.999992430 0.002641230 0.056012623 0.068629190 -0.002438570 0.997639239 120.468406677
0.997584939 0.003252039 -0.069380783 -4.234796524 -0.003129429 0.999993324 0.001875827 0.056459028 0.069386423 -0.001654175 0.997588515 121.521583557
0.997528315 0.003152522 -0.070194669 -4.305969238 -0.003069918 0.999994457 0.001284643 0.062252790 0.070198327 -0.001065976 0.997532487 122.558486938
0.997483790 0.003438641 -0.070811838 -4.386876106 -0.003333299 0.999993145 0.001605735 0.058883518 0.070816875 -0.001365658 0.997488379 123.610298157
0.997439921 0.003585780 -0.071419835 -4.468331337 -0.003467702 0.999992430 0.001777211 0.059611611 0.071425669 -0.001524998 0.997444749 124.648933411
0.997397482 0.003424949 -0.072017223 -4.548141479 -0.003309177 0.999993026 0.001726815 0.063850209 0.072022632 -0.001484003 0.997401893 125.678482056
0.997341216 0.003369581 -0.072795510 -4.628193855 -0.003238645 0.999992907 0.001916652 0.059599485 0.072801456 -0.001675797 0.997345030 126.711364746
0.997287273 0.004044723 -0.073496260 -4.705936909 -0.003898934 0.999990165 0.002126988 0.066916443 0.073504142 -0.001834661 0.997293234 127.726562500
0.997255921 0.004437530 -0.073897891 -4.788826942 -0.004246707 0.999987245 0.002739180 0.062876098 0.073909104 -0.002417841 0.997262061 128.743972778
0.997207880 0.004603517 -0.074533768 -4.870660305 -0.004383318 0.999985516 0.003117666 0.066345103 0.074547037 -0.002782256 0.997213602 129.753768921
0.997186303 0.004322260 -0.074838802 -4.954301357 -0.004105627 0.999986947 0.003048261 0.062412813 0.074850999 -0.002732424 0.997191012 130.761901855
0.997144043 0.004212675 -0.075405478 -5.030163288 -0.004002896 0.999987662 0.002932934 0.068389103 0.075416908 -0.002622717 0.997148633 131.750137329
0.997103870 0.003926347 -0.075950384 -5.107503891 -0.003683548 0.999987662 0.003336633 0.069844693 0.075962551 -0.003047202 0.997106016 132.750595093
0.997076869 0.004149511 -0.076292530 -5.191688061 -0.003851422 0.999984384 0.004053900 0.069957018 0.076308154 -0.003748215 0.997077227 133.726760864
0.997063816 0.003662924 -0.076487206 -5.265790462 -0.003368176 0.999986410 0.003982213 0.071084403 0.076500751 -0.003712899 0.997062624 134.701492310
0.997113407 0.003787332 -0.075832412 -5.345831871 -0.003556980 0.999988616 0.003172486 0.079261363 0.075843565 -0.002893594 0.997115552 135.655776978
0.997136414 0.002848752 -0.075570449 -5.415801525 -0.002641989 0.999992490 0.002835853 0.072938636 0.075577959 -0.002628075 0.997136414 136.590927124
0.997161150 0.002256075 -0.075263157 -5.490485668 -0.002013682 0.999992549 0.003296341 0.074498460 0.075270034 -0.003135427 0.997158229 137.520202637
0.997191548 0.001304553 -0.074881956 -5.558294773 -0.001036970 0.999992967 0.003612167 0.073923647 0.074886143 -0.003524372 0.997185886 138.441375732
0.997217417 0.000211257 -0.074548155 -5.629959106 0.000078905 0.999992430 0.003889313 0.075191945 0.074548408 -0.003884373 0.997209847 139.339996338
0.997231007 -0.001344262 -0.074354135 -5.696745872 0.001634381 0.999991298 0.003841152 0.076335713 0.074348323 -0.003952039 0.997224510 140.231903076
0.997266173 -0.002062165 -0.073864110 -5.759006977 0.002401509 0.999986947 0.004505654 0.079876088 0.073853858 -0.004670722 0.997258127 141.100402832
0.997294605 -0.001934887 -0.073483214 -5.834142685 0.002218118 0.999990404 0.003772957 0.080202900 0.073475212 -0.003925744 0.997289300 141.979568481
0.997330487 -0.002280296 -0.072984286 -5.898447514 0.002491257 0.999992967 0.002799602 0.081010737 0.072977386 -0.002973951 0.997329175 142.825637817
0.997330725 -0.003255504 -0.072943628 -5.965065002 0.003378049 0.999993086 0.001556685 0.082681388 0.072938055 -0.001798937 0.997334838 143.683685303
0.997368753 -0.004247501 -0.072371095 -6.026340008 0.004250671 0.999990940 -0.000110217 0.086334139 0.072370909 -0.000197699 0.997377753 144.509262085
0.997402132 -0.003264803 -0.071960427 -6.088669300 0.003213753 0.999994516 -0.000825191 0.082780600 0.071962722 0.000591784 0.997407138 145.349929810
0.997421980 -0.003017729 -0.071695752 -6.148117542 0.002994526 0.999995410 -0.000431116 0.083566524 0.071696728 0.000215310 0.997426450 146.170181274
0.997443438 -0.002681187 -0.071409725 -6.209822178 0.002732972 0.999996066 0.000627490 0.083479725 0.071407758 -0.000821046 0.997446895 146.996170044
0.997473478 -0.001689672 -0.071019493 -6.270642757 0.001761609 0.999997973 0.000950298 0.085432932 0.071017742 -0.001073005 0.997474492 147.799346924
0.997538924 -0.001048823 -0.070107266 -6.335429668 0.001074382 0.999999344 0.000326872 0.084790647 0.070106879 -0.000401390 0.997539401 148.598495483
0.997641921 -0.000611732 -0.068631142 -6.394590378 0.000565193 0.999999583 -0.000697521 0.086483121 0.068631537 0.000657086 0.997641861 149.382873535
0.997758746 0.000514234 -0.066912174 -6.454528332 -0.000575128 0.999999464 -0.000890796 0.078965962 0.066911675 0.000927282 0.997758448 150.166488647
0.997848868 0.000888849 -0.065549962 -6.507146835 -0.000911573 0.999999523 -0.000316750 0.078313984 0.065549649 0.000375822 0.997849226 150.931060791
0.997944415 0.002089468 -0.064051390 -6.567426205 -0.002105138 0.999997795 -0.000177160 0.079823665 0.064050876 0.000311632 0.997946560 151.704772949
0.998014152 0.002142742 -0.062953360 -6.611603260 -0.002145609 0.999997675 0.000022054 0.077703170 0.062953264 0.000113063 0.998016477 152.445892334
0.998107910 0.001865958 -0.061458066 -6.662513256 -0.001872437 0.999998271 -0.000047832 0.071111389 0.061457869 0.000162818 0.998109639 153.182403564
0.998188019 0.002419992 -0.060123604 -6.712527752 -0.002442193 0.999996960 -0.000295777 0.075464375 0.060122706 0.000442074 0.998190880 153.909881592
0.998257697 0.001869320 -0.058974847 -6.759289265 -0.001904119 0.999998033 -0.000533880 0.073024131 0.058973733 0.000645245 0.998259306 154.620010376
0.998323858 0.001668245 -0.057850178 -6.804467201 -0.001684029 0.999998569 -0.000224096 0.065883741 0.057849720 0.000321142 0.998325229 155.356582642
0.998350084 0.001371106 -0.057403743 -6.848073483 -0.001379123 0.999999046 -0.000100035 0.066245139 0.057403550 0.000179037 0.998351038 156.076034546
0.998346269 0.000616624 -0.057483919 -6.891190529 -0.000629564 0.999999762 -0.000206993 0.065762155 0.057483777 0.000242840 0.998346388 156.781112671
0.998308122 0.000055753 -0.058145300 -6.935802937 -0.000053859 1.000000000 0.000034147 0.064682253 0.058145303 -0.000030958 0.998308122 157.513015747
0.998194098 -0.000292346 -0.060070734 -6.977574348 0.000329313 0.999999762 0.000605496 0.069407240 0.060070544 -0.000624184 0.998193920 158.222213745
0.998057187 -0.000427621 -0.062302966 -7.030068874 0.000483963 0.999999464 0.000889243 0.068849340 0.062302552 -0.000917668 0.998056889 158.916534424
0.997916877 -0.000261127 -0.064512387 -7.080267906 0.000337198 0.999999285 0.001168281 0.066728480 0.064512029 -0.001187601 0.997916222 159.642791748
0.997759223 -0.000597040 -0.066904515 -7.128180027 0.000649223 0.999999523 0.000758231 0.068318568 0.066904023 -0.000799968 0.997759104 160.342987061
0.997627974 -0.000352512 -0.068835154 -7.185122967 0.000330240 0.999999881 -0.000334939 0.074417420 0.068835258 0.000311412 0.997627974 161.038650513
0.997527838 -0.000819654 -0.070267901 -7.238637924 0.000725870 0.999998808 -0.001360193 0.069699481 0.070268936 0.001305825 0.997527242 161.746047974
0.997423887 -0.001136560 -0.071724147 -7.296631336 0.000982790 0.999997139 -0.002179163 0.070506506 0.071726419 0.002103059 0.997422099 162.442672729
0.997354507 -0.001276225 -0.072679646 -7.345532894 0.001032907 0.999993742 -0.003385299 0.067366518 0.072683513 0.003301272 0.997349620 163.135986328
0.997323513 -0.001242515 -0.073104262 -7.405335903 0.000937132 0.999990702 -0.004211514 0.071923688 0.073108815 0.004131734 0.997315407 163.832183838
0.997278214 -0.002054952 -0.073701449 -7.456126213 0.001784437 0.999991417 -0.003736070 0.066983007 0.073708497 0.003594385 0.997273326 164.539611816
0.997243345 -0.002185688 -0.074168392 -7.514340878 0.001981137 0.999994040 -0.002831374 0.069635876 0.074174136 0.002676631 0.997241735 165.245162964
0.997209966 -0.002215480 -0.074614532 -7.573949337 0.001974399 0.999992609 -0.003304628 0.068894841 0.074621297 0.003148089 0.997206986 165.968994141
0.997166574 -0.002645602 -0.075178735 -7.632603645 0.002385232 0.999990821 -0.003552916 0.074678503 0.075187445 0.003363530 0.997163773 166.677383423
0.997130394 -0.002771673 -0.075652145 -7.686050892 0.002505847 0.999990344 -0.003608485 0.067115836 0.075661413 0.003408557 0.997127712 167.402786255
0.997106194 -0.002809084 -0.075969540 -7.745108604 0.002506647 0.999988556 -0.004076080 0.071243703 0.075980119 0.003873856 0.997101784 168.123886108
0.997062087 -0.003475867 -0.076519012 -7.806548119 0.003171227 0.999986529 -0.004102379 0.074253380 0.076532237 0.003847667 0.997059703 168.853759766
0.997045040 -0.003365116 -0.076745771 -7.868528366 0.003079055 0.999987841 -0.003845405 0.074447937 0.076757781 0.003597738 0.997043252 169.591094971
0.997007191 -0.002970691 -0.077251703 -7.931752205 0.002679771 0.999988914 -0.003869272 0.078591123 0.077262342 0.003650675 0.997004092 170.328308105
0.996964514 -0.002925719 -0.077801928 -7.993665695 0.002661885 0.999990344 -0.003494598 0.077405795 0.077811398 0.003276890 0.996962726 171.077285767
0.996948183 -0.002829059 -0.078014553 -8.060661316 0.002543363 0.999989688 -0.003761205 0.082198933 0.078024387 0.003551307 0.996945143 171.827224731
0.996914208 -0.003248725 -0.078431509 -8.123514175 0.002902020 0.999985516 -0.004534063 0.079824612 0.078445099 0.004292462 0.996909201 172.578933716
0.996881545 -0.002774065 -0.078863949 -8.189581871 0.002443535 0.999987841 -0.004287347 0.080429837 0.078874879 0.004081271 0.996876180 173.342071533
0.996864617 -0.002567811 -0.079084642 -8.253147125 0.002248897 0.999988973 -0.004121372 0.077055603 0.079094350 0.003930598 0.996859372 174.101898193
0.996828794 -0.002576040 -0.079534598 -8.321050644 0.002281153 0.999990165 -0.003798292 0.079181634 0.079543605 0.003604817 0.996824861 174.858520508
0.996793509 -0.002596862 -0.079974771 -8.392246246 0.002356999 0.999992430 -0.003093490 0.076305881 0.079982199 0.002895070 0.996792078 175.629898071
0.996721268 -0.002066576 -0.080885336 -8.447324753 0.001823781 0.999993622 -0.003075486 0.074105918 0.080891177 0.002917885 0.996718645 176.411529541
0.996667027 -0.002013994 -0.081552438 -8.509745598 0.001750829 0.999993026 -0.003298322 0.078187920 0.081558511 0.003144544 0.996663570 177.178848267
0.996668637 -0.001513417 -0.081543513 -8.590617180 0.001178731 0.999990702 -0.004152369 0.080519296 0.081549041 0.004042418 0.996661127 177.957443237
0.996589661 -0.001803110 -0.082497522 -8.651836395 0.001466633 0.999990344 -0.004139052 0.074704841 0.082504191 0.004003943 0.996582687 178.732788086
0.996508896 -0.001422213 -0.083474323 -8.721619606 0.001094764 0.999991536 -0.003968395 0.075734347 0.083479263 0.003863157 0.996502042 179.506561279
0.996352792 -0.000910702 -0.085324317 -8.794162750 0.000554037 0.999991000 -0.004203697 0.074472964 0.085327379 0.004141093 0.996344388 180.284820557
0.996202111 -0.000645117 -0.087068729 -8.867246628 0.000253166 0.999989808 -0.004512589 0.065137401 0.087070756 0.004473408 0.996192098 181.050689697
0.996018171 0.000292024 -0.089149915 -8.945616722 -0.000780287 0.999984860 -0.005442083 0.070145957 0.089146972 0.005489976 0.996003330 181.828735352
0.995785534 0.000988254 -0.091707394 -9.015163422 -0.001524264 0.999982178 -0.005774931 0.067005992 0.091700055 0.005890379 0.995769262 182.591766357
0.995575011 0.001246239 -0.093961805 -9.097795486 -0.001827225 0.999979734 -0.006097429 0.068438560 0.093952298 0.006242138 0.995557129 183.373291016
0.995329380 0.001204254 -0.096529961 -9.174487114 -0.001801318 0.999979794 -0.006098366 0.068783820 0.096520670 0.006243764 0.995311379 184.154510498
0.995098710 0.000543541 -0.098884940 -9.256026268 -0.001101861 0.999983788 -0.005591636 0.068060815 0.098880298 0.005673187 0.995083153 184.939804077
0.994901836 0.001093584 -0.100842372 -9.347830772 -0.001632281 0.999984860 -0.005259608 0.063139752 0.100835085 0.005397397 0.994888484 185.734756470
0.994659662 0.001069674 -0.103203990 -9.433090210 -0.001642811 0.999983668 -0.005468602 0.062821075 0.103196457 0.005608942 0.994645178 186.533767700
0.994480252 0.000974347 -0.104919203 -9.522787094 -0.001612990 0.999980688 -0.006002325 0.062432706 0.104911327 0.006138427 0.994462609 187.340179443
0.994302630 0.000892659 -0.106590532 -9.613072395 -0.001601066 0.999977171 -0.006560677 0.064229444 0.106582247 0.006693957 0.994281352 188.159729004
0.994156837 0.000616538 -0.107943788 -9.713422775 -0.001424839 0.999971509 -0.007411200 0.064705022 0.107936144 0.007521697 0.994129360 189.003585815
0.994031727 0.000391632 -0.109090716 -9.810495377 -0.001261665 0.999967933 -0.007906403 0.062668957 0.109084129 0.007996852 0.994000375 189.839797974
0.993884802 0.000592544 -0.110420510 -9.914180756 -0.001567763 0.999960542 -0.008745253 0.063289374 0.110410973 0.008864887 0.993846476 190.706680298
0.993731916 0.000510300 -0.111788079 -10.017137527 -0.001593705 0.999952614 -0.009602457 0.062452335 0.111777887 0.009720426 0.993685663 191.568634033
0.993534088 -0.000138706 -0.113533966 -10.116694450 -0.001000825 0.999949694 -0.009979851 0.063140377 0.113529645 0.010028950 0.993484020 192.454376221
0.993374944 -0.000707831 -0.114916310 -10.220727921 -0.000470949 0.999947548 -0.010230251 0.067999311 0.114917532 0.010216595 0.993322492 193.348983765
0.993232250 -0.000563284 -0.116143920 -10.334899902 -0.000714770 0.999939680 -0.010962109 0.066562913 0.116143085 0.010970936 0.993171871 194.261215210
0.993036926 -0.001419964 -0.117794715 -10.444182396 0.000077821 0.999935031 -0.011397732 0.065242074 0.117803246 0.011309203 0.992972553 195.187103271
0.992929757 -0.001128729 -0.118698098 -10.568505287 -0.000223326 0.999935269 -0.011376790 0.063838951 0.118703254 0.011322862 0.992865205 196.155975342
0.992741346 0.000015535 -0.120268866 -10.694028854 -0.001319676 0.999941170 -0.010763909 0.064511292 0.120261624 0.010844493 0.992682993 197.110275269
0.992564559 0.000515269 -0.121718489 -10.824057579 -0.001707512 0.999951601 -0.009690982 0.054542914 0.121707603 0.009826761 0.992517352 198.102996826
0.992350698 0.000829134 -0.123448007 -10.955636024 -0.001982719 0.999955535 -0.009222147 0.053785004 0.123434864 0.009396367 0.992308199 199.082214355
0.992175281 0.001301691 -0.124846019 -11.084757805 -0.002496497 0.999952555 -0.009414261 0.048103839 0.124827839 0.009652275 0.992131472 200.092834473
0.991978765 0.001301873 -0.126398101 -11.220671654 -0.002543085 0.999950111 -0.009658990 0.051003370 0.126379222 0.009902955 0.991932571 201.102416992
0.991827250 0.001421775 -0.127579957 -11.360925674 -0.002695215 0.999948263 -0.009809424 0.051582091 0.127559409 0.010073110 0.991779804 202.133224487
0.991686523 0.001253299 -0.128670961 -11.502845764 -0.002624731 0.999941528 -0.010489426 0.050245639 0.128650293 0.010739950 0.991631866 203.179428101
0.991618872 0.000559923 -0.129196331 -11.646039963 -0.001926057 0.999943554 -0.010449389 0.052323710 0.129183188 0.010610651 0.991563976 204.238220215
0.991536260 0.001675407 -0.129819125 -11.795384407 -0.002890019 0.999953806 -0.009168369 0.045060582 0.129797772 0.009465951 0.991495311 205.300415039
0.991418898 0.001904844 -0.130709171 -11.945438385 -0.002845695 0.999971390 -0.007011646 0.048064403 0.130692065 0.007323437 0.991395950 206.385070801
0.991309166 0.002099536 -0.131535888 -12.094826698 -0.002912195 0.999977827 -0.005986167 0.047190562 0.131520405 0.006317201 0.991293311 207.468261719
0.991119325 0.002409073 -0.132953599 -12.241731644 -0.003265465 0.999975324 -0.006223615 0.049326286 0.132935330 0.006602501 0.991102695 208.557357788
0.991068363 0.001502715 -0.133346543 -12.402244568 -0.002537581 0.999967992 -0.007591116 0.050775476 0.133330867 0.007861692 0.991040409 209.659301758
0.990941048 0.001042685 -0.134293646 -12.554969788 -0.002098779 0.999967992 -0.007722742 0.053257748 0.134281293 0.007934635 0.990911484 210.763580322
0.990849793 0.000558729 -0.134967953 -12.715107918 -0.001496237 0.999975443 -0.006844819 0.049872093 0.134960815 0.006984131 0.990826309 211.884414673
0.990768015 0.000445414 -0.135567471 -12.876378059 -0.001341495 0.999977827 -0.006518571 0.051598877 0.135561571 0.006640255 0.990746677 212.988906860
0.990615129 -0.000971056 -0.136677384 -13.035471916 0.000021977 0.999975860 -0.006945275 0.042025417 0.136680827 0.006877090 0.990591288 214.133377075
0.990482509 -0.001305883 -0.137632266 -13.193774223 0.000291813 0.999972641 -0.007387888 0.041863836 0.137638152 0.007277411 0.990455866 215.263656616
0.990363538 -0.002277120 -0.138473570 -13.358759880 0.001208269 0.999968827 -0.007802382 0.039435089 0.138487026 0.007559881 0.990335405 216.405593872
0.990260959 -0.003840843 -0.139170796 -13.522437096 0.002538437 0.999951303 -0.009534624 0.036208216 0.139200643 0.009088490 0.990222514 217.546630859
0.990129590 -0.004784733 -0.140073016 -13.694100380 0.003310789 0.999936700 -0.010753817 0.034788020 0.140115604 0.010183920 0.990082800 218.714080811
0.990004003 -0.005560433 -0.140929565 -13.863193512 0.004163347 0.999939263 -0.010206272 0.026462436 0.140977755 0.009517512 0.989966989 219.879867554
0.989865780 -0.005418280 -0.141902611 -14.034682274 0.004094368 0.999945343 -0.009620037 0.027555957 0.141946971 0.008941544 0.989833891 221.058456421
0.989748418 -0.004195498 -0.142760158 -14.211179733 0.002733726 0.999941826 -0.010433956 0.023359053 0.142795637 0.009936725 0.989702284 222.252227783
0.989677846 -0.002529920 -0.143287852 -14.397356033 0.000995170 0.999941409 -0.010781611 0.022776451 0.143306732 0.010527726 0.989622355 223.449417114
0.989593089 0.000152448 -0.143894032 -14.584013939 -0.001567772 0.999951482 -0.009722545 0.018554306 0.143885583 0.009846956 0.989545345 224.660842896
0.989558578 0.001613173 -0.144122094 -14.768967628 -0.002967189 0.999953449 -0.009180472 0.015654720 0.144100577 0.009512252 0.989517331 225.878326416
0.989549816 0.003171410 -0.144156560 -14.957512856 -0.004514500 0.999949396 -0.008990739 0.013405181 0.144120753 0.009547579 0.989514053 227.103057861
0.989520192 0.003852601 -0.144343182 -15.144516945 -0.005379405 0.999933600 -0.010188805 0.009224135 0.144294351 0.010858509 0.989475250 228.350982666
0.989532828 0.003753772 -0.144259140 -15.336150169 -0.005376864 0.999926567 -0.010862998 0.004627496 0.144207761 0.011524955 0.989480317 229.606536865
0.989527404 0.003530969 -0.144302085 -15.528597832 -0.005059235 0.999934912 -0.010225161 0.004277498 0.144256592 0.010848136 0.989480853 230.872222900
0.989525378 0.002615602 -0.144335166 -15.720732689 -0.003855861 0.999957979 -0.008313847 0.000278883 0.144307345 0.008783299 0.989493906 232.158721924
0.989497602 0.001018925 -0.144545585 -15.913547516 -0.002056631 0.999973178 -0.007029844 -0.004629010 0.144534543 0.007253291 0.989473164 233.446426392
0.989437819 -0.001021277 -0.144954234 -16.110528946 0.000026490 0.999976456 -0.006864532 -0.004136880 0.144957826 0.006788189 0.989414573 234.738342285
0.989382744 -0.003447462 -0.145292431 -16.298372269 0.002410935 0.999970376 -0.007309554 -0.011287533 0.145313323 0.006881656 0.989361763 236.037673950
0.989298820 -0.003938528 -0.145850435 -16.494565964 0.003176397 0.999980032 -0.005457944 -0.010000583 0.145869032 0.004936258 0.989291608 237.338531494
0.989205718 -0.004747439 -0.146456674 -16.689405441 0.004346691 0.999985874 -0.003056196 -0.012564585 0.146469116 0.002386604 0.989212394 238.645019531
0.989125192 -0.004017854 -0.147021115 -16.891124725 0.003354214 0.999983013 -0.004761552 -0.015239038 0.147037759 0.004216631 0.989121914 239.965835571
0.989082694 -0.003228704 -0.147326350 -17.094167709 0.002011715 0.999962628 -0.008408758 -0.017076205 0.147348002 0.008020578 0.989052176 241.264923096
0.988995612 -0.001667186 -0.147935346 -17.295183182 0.000110993 0.999944568 -0.010527041 -0.023306012 0.147944704 0.010394777 0.988941014 242.582931519
0.988927662 -0.001065660 -0.148394629 -17.492965698 -0.000487909 0.999945462 -0.010432375 -0.031880341 0.148397654 0.010389267 0.988873184 243.903778076
0.988857627 0.001049666 -0.148860574 -17.699787140 -0.002333308 0.999961615 -0.008448739 -0.035808984 0.148845986 0.008701937 0.988822103 245.225433350
0.988820553 0.001780037 -0.149099797 -17.912569046 -0.002796545 0.999974251 -0.006608259 -0.039726153 0.149084195 0.006951347 0.988800049 246.569427490
0.988797784 0.001573250 -0.149253055 -18.123771667 -0.002516479 0.999978065 -0.006131020 -0.042849004 0.149240136 0.006437931 0.988780022 247.900802612
0.988735020 0.002221070 -0.149659857 -18.332302094 -0.003237379 0.999973297 -0.006547512 -0.040135924 0.149641320 0.006958260 0.988715887 249.234390259
0.988626778 0.001707471 -0.150380000 -18.535474777 -0.002835951 0.999969423 -0.007290056 -0.041982174 0.150362954 0.007633615 0.988601387 250.576538086
0.988616109 0.002031529 -0.150446311 -18.754816055 -0.003234461 0.999964714 -0.007751486 -0.044481229 0.150425255 0.008149857 0.988587797 251.928176880
0.988556147 0.001461920 -0.150846213 -18.966028214 -0.002822575 0.999957263 -0.008806430 -0.047683898 0.150826886 0.009131426 0.988518000 253.284912109
0.988496661 0.000389180 -0.151242360 -19.182651520 -0.002064741 0.999938250 -0.010921764 -0.053766124 0.151228756 0.011108403 0.988436401 254.658843994
0.988428116 -0.000969428 -0.151686877 -19.395725250 -0.000919240 0.999922931 -0.012380474 -0.058399223 0.151687190 0.012376646 0.988351047 256.030395508
0.988362193 -0.001870681 -0.152107537 -19.612611771 0.000072623 0.999930084 -0.011825664 -0.067721337 0.152119026 0.011676992 0.988293171 257.426788330
0.988313615 -0.003367031 -0.152396992 -19.837652206 0.001730110 0.999939382 -0.010872502 -0.077526264 0.152424365 0.010481779 0.988259554 258.818267822
0.988251567 -0.002648973 -0.152813181 -20.055915833 0.001254434 0.999956667 -0.009221469 -0.082539305 0.152830988 0.008921437 0.988212049 260.222717285
0.988255739 -0.003680442 -0.152764753 -20.284864426 0.002374281 0.999959052 -0.008731688 -0.087471336 0.152790636 0.008266435 0.988224030 261.616912842
0.988161743 -0.003982717 -0.153364107 -20.504528046 0.002851217 0.999967098 -0.007597101 -0.091128044 0.153389320 0.007069890 0.988140523 263.028045654
0.988159239 -0.003425099 -0.153393492 -20.733308792 0.002462576 0.999976099 -0.006464418 -0.093443878 0.153411970 0.006010131 0.988144040 264.432647705
0.988149822 -0.003336846 -0.153456181 -20.956123352 0.002511536 0.999981344 -0.005571684 -0.096240029 0.153471917 0.005120248 0.988139749 265.850677490
0.988274336 -0.002692946 -0.152664810 -21.182886124 0.001748944 0.999978542 -0.006317441 -0.094736293 0.152678549 0.005976363 0.988257825 267.273223877
0.988444030 -0.001497672 -0.151578844 -21.413034439 0.000371263 0.999972105 -0.007459209 -0.096158229 0.151585788 0.007316736 0.988417029 268.693969727
0.988628209 -0.001263457 -0.150374979 -21.639345169 0.000282723 0.999978542 -0.006543121 -0.096695289 0.150380030 0.006426200 0.988607407 270.141998291
0.988783419 -0.000214629 -0.149356455 -21.864381790 -0.000749438 0.999979258 -0.006398496 -0.098497882 0.149354726 0.006438660 0.988762736 271.594696045
0.988991380 -0.000841326 -0.147970811 -22.087528229 -0.000394003 0.999965310 -0.008318950 -0.102219768 0.147972673 0.008285671 0.988956749 273.035156250
0.989144921 -0.000319061 -0.146943077 -22.309116364 -0.000997898 0.999960005 -0.008888569 -0.101074375 0.146940038 0.008938717 0.989104986 274.479675293
0.989311874 0.000034787 -0.145814836 -22.531116486 -0.000920480 0.999981523 -0.006006624 -0.103701547 0.145811945 0.006076644 0.989293635 275.928894043
0.989526093 0.000195629 -0.144353911 -22.761304855 -0.000944055 0.999986470 -0.005116180 -0.102261573 0.144350961 0.005198872 0.989512920 277.403625488
0.989727736 0.000252827 -0.142964631 -23.005987167 -0.001096812 0.999982417 -0.005824677 -0.098904967 0.142960653 0.005921650 0.989710629 278.890411377
0.989735901 -0.000431370 -0.142907694 -23.206254959 -0.000515681 0.999978125 -0.006589912 -0.105552778 0.142907411 0.006595967 0.989714086 280.375396729
0.989795566 -0.001489009 -0.142486960 -23.429206848 0.000666372 0.999982834 -0.005820963 -0.103878871 0.142493173 0.005666614 0.989779592 281.867431641
0.989784181 -0.001884152 -0.142561436 -23.645721436 0.001131267 0.999984980 -0.005361991 -0.105166800 0.142569393 0.005145938 0.989771426 283.359252930
0.989767075 -0.002681651 -0.142667159 -23.866479874 0.001887355 0.999981940 -0.005702517 -0.108540475 0.142679870 0.005374900 0.989754319 284.861358643
0.989769638 -0.003270573 -0.142636999 -24.092649460 0.002419760 0.999978244 -0.006137940 -0.110757135 0.142653972 0.005730000 0.989756048 286.369689941
0.989788592 -0.003679882 -0.142495438 -24.320312500 0.002813315 0.999976337 -0.006282359 -0.112172231 0.142515182 0.005817323 0.989775538 287.876251221
0.989812553 -0.004397053 -0.142308727 -24.545063019 0.003515482 0.999973059 -0.006445608 -0.112748265 0.142333239 0.005879660 0.989801347 289.398803711
0.989794672 -0.004758317 -0.142421514 -24.773275375 0.003943183 0.999974191 -0.006005084 -0.114870593 0.142446414 0.005382206 0.989787877 290.930023193
0.989792824 -0.005095131 -0.142422438 -25.001384735 0.004273433 0.999972403 -0.006074724 -0.113188855 0.142449453 0.005404085 0.989787340 292.464050293
0.989798784 -0.004702354 -0.142394632 -25.232242584 0.004075168 0.999980688 -0.004695872 -0.114338107 0.142413974 0.004067686 0.989798844 294.003448486
0.989805996 -0.004180752 -0.142360806 -25.460693359 0.003444914 0.999979377 -0.005414900 -0.111266032 0.142380521 0.004869280 0.989800036 295.557983398
0.989825726 -0.005318304 -0.142185405 -25.689296722 0.004279427 0.999961853 -0.007611285 -0.116739877 0.142220467 0.006925374 0.989810765 297.103332520
0.989815354 -0.005967963 -0.142232016 -25.916650772 0.004724111 0.999947608 -0.009081308 -0.120472081 0.142278761 0.008316898 0.989791691 298.663360596
0.989795327 -0.007686615 -0.142288953 -26.147680283 0.006585667 0.999944627 -0.008206734 -0.127163827 0.142344162 0.007185919 0.989791155 300.221038818
0.989767909 -0.009003131 -0.142402351 -26.372552872 0.008130537 0.999944448 -0.006708352 -0.129844442 0.142454833 0.005481903 0.989786148 301.792419434
0.989767432 -0.010156767 -0.142328128 -26.605861664 0.009387969 0.999937475 -0.006072068 -0.136154890 0.142380908 0.004673764 0.989800930 303.354736328
0.989756167 -0.010601890 -0.142374098 -26.842908859 0.009970689 0.999937057 -0.005146100 -0.138367891 0.142419696 0.003673816 0.989799559 304.937072754
0.989715159 -0.010667080 -0.142653793 -27.076911926 0.010080817 0.999937534 -0.004831807 -0.142598271 0.142696410 0.003344046 0.989760876 306.517913818
0.989614666 -0.010897581 -0.143331826 -27.313385010 0.010274570 0.999934256 -0.005086097 -0.140331209 0.143377841 0.003560604 0.989661634 308.136566162
0.989528954 -0.012689690 -0.143775553 -27.540668488 0.011876292 0.999908268 -0.006514259 -0.135165319 0.143845022 0.004738527 0.989588857 309.768524170
0.989392459 -0.015380961 -0.144450799 -27.774082184 0.014736481 0.999876142 -0.005530552 -0.139675424 0.144517973 0.003343190 0.989496529 311.385284424
0.989304245 -0.016595982 -0.144919559 -28.015251160 0.016805468 0.999858737 0.000221390 -0.144615635 0.144895419 -0.002654463 0.989443421 312.962585449
0.989182472 -0.015643401 -0.145853937 -28.254102707 0.016180111 0.999866009 0.002494115 -0.141489625 0.145795375 -0.004827068 0.989302993 314.557342529
0.989224434 -0.013135481 -0.145816579 -28.501348495 0.013009443 0.999913692 -0.001817955 -0.134654060 0.145827875 -0.000098627 0.989309967 316.151550293
0.989248097 -0.008893435 -0.145976454 -28.745342255 0.008371535 0.999956191 -0.004189170 -0.133641973 0.146007314 0.002922082 0.989279211 317.742706299
0.989230216 -0.006294848 -0.146232590 -28.998752594 0.006067773 0.999979615 -0.001998839 -0.136914611 0.146242186 0.001090006 0.989248216 319.341979980
0.989184260 -0.005455252 -0.146576539 -29.241676331 0.005573688 0.999984384 0.000397315 -0.134085685 0.146572083 -0.001209990 0.989199281 320.938110352
0.989259481 -0.004150300 -0.146110982 -29.484432220 0.004494976 0.999987841 0.002028921 -0.127708539 0.146100789 -0.002663895 0.989266098 322.524078369
