1.000000000 0.000000000 0.000000000 0.000000000 0.000000000 1.000000000 0.000000000 0.000000000 0.000000000 0.000000000 1.000000000 0.000000000
0.999985576 -0.000376638 0.005357172 0.007366646 0.000371372 0.999999464 0.000983866 -0.004215789 -0.005357540 -0.000981862 0.999985158 0.822169125
0.999928832 0.000936370 0.011894857 0.013694805 -0.000976504 0.999993861 0.003368677 -0.006043672 -0.011891629 -0.003380053 0.999923587 1.625292778
0.999802530 0.001036582 0.019845637 0.027452314 -0.001153261 0.999982119 0.005868748 -0.004382343 -0.019839199 -0.005890476 0.999785841 2.417121410
0.999578953 0.002385637 0.028917145 0.050036125 -0.002633145 0.999960184 0.008524172 -0.004164652 -0.028895659 -0.008596727 0.999545455 3.182489395
0.999157846 0.004819189 0.040747233 0.075346157 -0.005186506 0.999946833 0.008913612 -0.001117082 -0.040702108 -0.009117441 0.999129713 3.930828810
0.998506606 0.006891333 0.054194339 0.117133573 -0.007319153 0.999943554 0.007699679 -0.003761710 -0.054138217 -0.008084837 0.998500705 4.653821945
0.997533143 0.007506112 0.069794744 0.170144066 -0.007857884 0.999957740 0.004766909 -0.000646994 -0.069756016 -0.005303589 0.997550011 5.360021591
0.996075571 0.009025958 0.088045716 0.230440691 -0.009310589 0.999952674 0.002822614 0.002294299 -0.088016070 -0.003631294 0.996112466 6.037695885
0.993971109 0.010037157 0.109181657 0.311249346 -0.010333422 0.999944329 0.002148034 0.006283567 -0.109154016 -0.003263304 0.994019508 6.694520473
0.991138697 0.008916334 0.132531598 0.406401575 -0.009198676 0.999956548 0.001518259 0.006054838 -0.132512301 -0.002723920 0.991177619 7.341502190
0.987321079 0.009495657 0.158451691 0.514695108 -0.009592063 0.999953985 -0.000156348 -0.003099357 -0.158445880 -0.001365513 0.987366736 7.983963490
0.981938660 0.012952711 0.188755736 0.638109684 -0.012205275 0.999912381 -0.005121673 -0.006940729 -0.188805535 0.002725354 0.982010722 8.585887909
0.974916279 0.016551847 0.221955508 0.782590508 -0.014334468 0.999830008 -0.011597488 -0.011970503 -0.222109735 0.008124966 0.974987805 9.181183815
0.966252267 0.018599492 0.256925255 0.956990719 -0.014759766 0.999748826 -0.016865458 -0.017798979 -0.257174432 0.012504131 0.966284096 9.789381981
0.955671132 0.018445484 0.293857902 1.154335260 -0.013368824 0.999724805 -0.019275339 -0.027177632 -0.294132590 0.014492351 0.955654740 10.359217644
0.943258584 0.019424140 0.331490517 1.379419446 -0.012725204 0.999668837 -0.022367304 -0.042221673 -0.331815213 0.016879868 0.943193376 10.936140060
0.928607523 0.021285152 0.370452404 1.621012926 -0.012748431 0.999594092 -0.025477560 -0.055916168 -0.370844334 0.018935967 0.928501964 11.479196548
0.912161171 0.021474717 0.409268707 1.878008008 -0.011575740 0.999577820 -0.026649268 -0.071386106 -0.409668207 0.019570841 0.912024617 12.049130440
0.894371748 0.020940285 0.446834058 2.162152052 -0.009646887 0.999574304 -0.027534759 -0.086035371 -0.447220445 0.020315753 0.894192994 12.575778008
0.875175774 0.017635534 0.483483523 2.468624115 -0.004481951 0.999588072 -0.028347963 -0.100090362 -0.483784318 0.022642501 0.874894321 13.082710266
0.854573965 0.015468724 0.519099295 2.792341709 -0.000252213 0.999568522 -0.029371096 -0.122261457 -0.519329667 0.024968851 0.854209185 13.562237740
0.831941485 0.016445413 0.554619670 3.136445761 0.000929234 0.999517977 -0.031031279 -0.140662462 -0.554862618 0.026331579 0.831525207 14.046564102
0.806832552 0.020398168 0.590427995 3.501104832 -0.001282732 0.999461889 -0.032776635 -0.154069111 -0.590778828 0.025687896 0.806424499 14.516512871
0.779006362 0.026816456 0.626442373 3.888590336 -0.006908734 0.999391437 -0.034190200 -0.171062037 -0.626977980 0.022306459 0.778717518 14.986289978
0.748856843 0.029366337 0.662080824 4.313318729 -0.008655490 0.999365926 -0.034536559 -0.184167907 -0.662675261 0.020132303 0.748636246 15.449226379
0.715329111 0.026888127 0.698270261 4.765523911 -0.006820374 0.999480486 -0.031499766 -0.207634360 -0.698754430 0.017770236 0.715140879 15.876024246
0.678345561 0.025438797 0.734302521 5.242943764 -0.004628888 0.999528587 -0.030351007 -0.220653385 -0.734728456 0.017189467 0.678143501 16.290325165
0.639035344 0.026242452 0.768729627 5.746034145 -0.003761553 0.999512494 -0.030993855 -0.232978210 -0.769168198 0.016914550 0.638822496 16.680557251
0.597431242 0.027093796 0.801462352 6.263996124 -0.003826262 0.999514043 -0.030936828 -0.253933966 -0.801911056 0.015416024 0.597244620 17.036968231
0.553850710 0.027333960 0.832167208 6.812304974 -0.004931076 0.999551117 -0.029550085 -0.272815138 -0.832601428 0.012262856 0.553736925 17.376335144
0.508738995 0.027995557 0.860465467 7.370572090 -0.006921002 0.999571860 -0.028429478 -0.290806144 -0.860892951 0.008507901 0.508714974 17.682071686
0.462075412 0.026927928 0.886431754 7.966026306 -0.004894135 0.999601126 -0.027814578 -0.308964670 -0.886827171 0.008514117 0.462022841 17.962612152
0.413189948 0.025129804 0.910298049 8.590198517 -0.002173946 0.999643564 -0.026609519 -0.320048690 -0.910642266 0.009015847 0.413097322 18.222530365
0.363806367 0.023143483 0.931187093 9.225543022 0.001378233 0.999676824 -0.025384175 -0.334830463 -0.931473613 0.010518319 0.363656878 18.441238403
0.315607250 0.021960985 0.948635817 9.875944138 0.004117862 0.999691010 -0.024512915 -0.346038371 -0.948881030 0.011642806 0.315419316 18.634277344
0.271688223 0.021056209 0.962154984 10.542087555 0.007758725 0.999680221 -0.024068294 -0.361216068 -0.962354064 0.014004166 0.271437943 18.800956726
0.233721852 0.020061685 0.972096562 11.230864525 0.012223547 0.999647498 -0.023569187 -0.376546115 -0.972226679 0.017391104 0.233394265 18.940246582
0.200579524 0.020086799 0.979471564 11.940960884 0.016787775 0.999572515 -0.023936884 -0.389916927 -0.979533613 0.021244397 0.200156569 19.067119598
0.172691345 0.020808475 0.984756172 12.684498787 0.019342067 0.999512374 -0.024512198 -0.397452652 -0.984786093 0.023280265 0.172204673 19.184694290
0.148884118 0.020686692 0.988638341 13.410552025 0.019978998 0.999514163 -0.023923006 -0.407037258 -0.988652885 0.023313761 0.148398519 19.288364410
0.129568458 0.020234881 0.991364002 14.180013657 0.021405669 0.999501705 -0.023198642 -0.420366555 -0.991339386 0.024226621 0.129070759 19.387039185
0.115310192 0.020642318 0.993115008 14.985577583 0.023914836 0.999436557 -0.023550456 -0.429876924 -0.993041635 0.026465790 0.114751577 19.479068756
0.105742514 0.021268358 0.994166195 15.775014877 0.027375055 0.999330044 -0.024290528 -0.440217674 -0.994016767 0.029783895 0.105089486 19.558103561
0.100200176 0.021960620 0.994724929 16.592950821 0.029559132 0.999249399 -0.025038041 -0.447215825 -0.994528115 0.031912021 0.099475801 19.638765335
0.097360551 0.021850424 0.995009243 17.458450317 0.031684481 0.999184132 -0.025042394 -0.464857280 -0.994744658 0.033964496 0.096588790 19.730991364
0.096061468 0.022226864 0.995127201 18.307792664 0.033330318 0.999118149 -0.025533443 -0.473425537 -0.994817197 0.035620689 0.095235944 19.811393738
0.095620453 0.021665914 0.995182216 19.183692932 0.034421820 0.999093175 -0.025058430 -0.487969369 -0.994822681 0.036652077 0.094787955 19.898742676
0.096082926 0.020915251 0.995153606 20.105346680 0.034823921 0.999096513 -0.024360402 -0.500640631 -0.994763970 0.036995769 0.095267773 20.000524521
0.097168744 0.019609934 0.995074809 21.019575119 0.035647258 0.999095798 -0.023170127 -0.516233206 -0.994629443 0.037723098 0.096381843 20.089399338
0.098202646 0.020435149 0.994956672 21.944690704 0.036538370 0.999041021 -0.024125392 -0.530249476 -0.994495511 0.038723271 0.097361803 20.179105759
0.099230409 0.022389242 0.994812608 22.908561707 0.036462851 0.998993576 -0.026120430 -0.545466959 -0.994396210 0.038865644 0.098314166 20.290927887
0.100259244 0.022768881 0.994700789 23.865613937 0.037741449 0.998931587 -0.026669810 -0.555574775 -0.994245231 0.040215340 0.099292755 20.388813019
0.101104379 0.020883620 0.994656622 24.856475830 0.037871931 0.998974204 -0.024823861 -0.565955579 -0.994154751 0.040179368 0.100209773 20.502071381
0.101904750 0.018719971 0.994618118 25.850370407 0.038985644 0.998979688 -0.022796387 -0.582991719 -0.994030058 0.041098885 0.101071000 20.604681015
0.103447735 0.019161539 0.994450450 26.884059906 0.038069963 0.999005497 -0.023209546 -0.595910430 -0.993906200 0.040259667 0.102615356 20.713247299
0.104538918 0.021623176 0.994285762 27.907413483 0.037988901 0.998947144 -0.025718695 -0.610028505 -0.993795037 0.040460426 0.103607416 20.827207565
0.106187165 0.023661889 0.994064629 28.953342438 0.036266882 0.998959482 -0.027652476 -0.632333398 -0.993684590 0.038987961 0.105218530 20.950441360
0.107816100 0.025064841 0.993854940 30.013149261 0.034362901 0.998990834 -0.028922157 -0.648294687 -0.993576884 0.037270013 0.106846035 21.074657440
0.109876692 0.023688458 0.993662834 31.094329834 0.031357370 0.999135733 -0.027286341 -0.675391316 -0.993450403 0.034156788 0.109038889 21.206087112
0.111948788 0.021748915 0.993475914 32.170951843 0.030072961 0.999228358 -0.025263587 -0.695775151 -0.993258834 0.032704990 0.111208379 21.335023880
0.114455819 0.019094883 0.993244886 33.265830994 0.028334511 0.999345779 -0.022477280 -0.717725158 -0.993024290 0.030715764 0.113839865 21.469610214
0.116808653 0.017381171 0.993002474 34.359664917 0.028674355 0.999370992 -0.020865664 -0.733775079 -0.992740571 0.030910993 0.116236746 21.605594635
0.119629145 0.015469784 0.992698133 35.465320587 0.030256389 0.999357343 -0.019219730 -0.756730676 -0.992357492 0.032334700 0.119084239 21.738384247
0.122403502 0.015862675 0.992353797 36.569519043 0.031637955 0.999301732 -0.019876180 -0.769486308 -0.991976142 0.033828955 0.121816158 21.877258301
0.125432134 0.017787045 0.991942763 37.689373016 0.033940017 0.999177098 -0.022208514 -0.790004015 -0.991521537 0.036452211 0.124725223 22.015468597
0.127950549 0.019256895 0.991593599 38.787883759 0.035842597 0.999068558 -0.024027022 -0.805202305 -0.991132677 0.038615562 0.127141178 22.163692474
0.130316973 0.016397987 0.991336763 39.921428680 0.035127323 0.999159098 -0.021145070 -0.828892887 -0.990849912 0.037578572 0.129631400 22.319107056
0.132498682 0.009735072 0.991135538 41.051349640 0.037101761 0.999202251 -0.014774213 -0.841087639 -0.990488708 0.038730428 0.132031798 22.467639923
0.133738816 0.005631452 0.991000593 42.197204590 0.037315737 0.999246061 -0.010714190 -0.859989047 -0.990313828 0.038412821 0.133427858 22.636405945
0.134828150 0.006549820 0.990847468 43.323295593 0.039747283 0.999137521 -0.012013180 -0.873371601 -0.990071595 0.041003205 0.134451509 22.787208557
0.135666549 0.014407392 0.990649939 44.473621368 0.039462402 0.999022186 -0.019933419 -0.884146571 -0.989968479 0.041797724 0.134965360 22.953987122
0.136333585 0.019834647 0.990464509 45.611732483 0.037313852 0.998987257 -0.025141435 -0.895094573 -0.989960134 0.040385667 0.135455430 23.112319946
0.136293530 0.020029582 0.990466058 46.768127441 0.036602225 0.999011159 -0.025239054 -0.922662616 -0.989992142 0.039693180 0.135425627 23.280601501
0.135558069 0.017701611 0.990611315 47.914875031 0.035776142 0.999100864 -0.022749029 -0.945066631 -0.990123332 0.038524065 0.134802938 23.441802979
0.134717882 0.015269902 0.990766346 49.084415436 0.035677329 0.999158144 -0.020250404 -0.970316112 -0.990241468 0.038075987 0.134059668 23.605407715
0.133897483 0.015217725 0.990878344 50.241966248 0.035697468 0.999159098 -0.020168701 -0.987687111 -0.990352094 0.038072385 0.133241653 23.763256073
0.133393347 0.016014859 0.990933895 51.420829773 0.036431614 0.999114394 -0.021051273 -1.010173321 -0.990393460 0.038909417 0.132691801 23.928470612
0.132679999 0.015306919 0.991040766 52.595905304 0.036274504 0.999135911 -0.020288367 -1.019683719 -0.990494967 0.038641375 0.132010102 24.087253571
0.131684244 0.014125504 0.991191208 53.788841248 0.037772506 0.999100804 -0.019256480 -1.046474218 -0.990571916 0.039975550 0.131032288 24.259265900
0.130963743 0.013787854 0.991291404 54.983913422 0.037575111 0.999115825 -0.018860899 -1.061653256 -0.990674973 0.039717976 0.130329847 24.415748596
0.130107760 0.009864271 0.991450906 56.197479248 0.039683729 0.999097466 -0.015148035 -1.075863361 -0.990705490 0.041315343 0.129598856 24.575195312
0.129075408 0.003098404 0.991630077 57.409454346 0.042866278 0.999042928 -0.008701258 -1.087433577 -0.990707934 0.043630604 0.128819048 24.730606079
0.128065348 0.000462967 0.991765618 58.616775513 0.045804035 0.998930037 -0.006380925 -1.086348295 -0.990707457 0.046244044 0.127907097 24.890895844
0.126944900 -0.000135149 0.991909742 59.831306458 0.051662099 0.998643637 -0.006475663 -1.084100008 -0.990563452 0.052066192 0.126779675 25.043388367
0.127436042 0.001126582 0.991846204 61.086486816 0.053926513 0.998512328 -0.008062833 -1.092517972 -0.990379751 0.054514296 0.127185702 25.200416565
0.127164543 0.003926578 0.991873980 62.308158875 0.058149759 0.998242676 -0.011406966 -1.093294501 -0.990175784 0.059127789 0.126712739 25.359191895
0.128469408 0.007207670 0.991687417 63.590267181 0.057819903 0.998218119 -0.014745500 -1.106358767 -0.990026653 0.059233610 0.127823710 25.519538879
0.129072726 0.011278245 0.991570950 64.839332581 0.055988874 0.998257339 -0.018642364 -1.123548031 -0.990053236 0.057923168 0.128216386 25.685211182
0.130108476 0.014274550 0.991397142 66.125869751 0.054221567 0.998297632 -0.021489821 -1.133703470 -0.990016162 0.056551110 0.129113019 25.860607147
0.130302846 0.014287985 0.991371334 67.393020630 0.051602177 0.998443246 -0.021172345 -1.149201393 -0.990130544 0.053915735 0.129362702 26.033695221
0.131342232 0.014138107 0.991236269 68.690917969 0.049530234 0.998555899 -0.020805439 -1.171799064 -0.990098953 0.051828798 0.130452335 26.214393616
0.132329524 0.015521496 0.991084337 69.974403381 0.049735568 0.998513937 -0.022278551 -1.191487908 -0.989957333 0.052240252 0.131360888 26.385059357
0.133991897 0.017290208 0.990831554 71.299163818 0.051695999 0.998364449 -0.024412600 -1.215483904 -0.989633083 0.054493122 0.132878900 26.562713623
0.135514081 0.020121664 0.990571141 72.611312866 0.051033765 0.998324811 -0.027260793 -1.235856056 -0.989460230 0.054246794 0.134260178 26.739425659
0.137201667 0.020173492 0.990337789 73.933120728 0.050765358 0.998335540 -0.027369462 -1.269716024 -0.989241540 0.054029983 0.135949194 26.932014465
0.138316214 0.018788647 0.990209997 75.259933472 0.047556046 0.998540759 -0.025589533 -1.293301582 -0.989245832 0.050629918 0.137220860 27.127563477
0.139742374 0.016696012 0.990047216 76.606750488 0.045447614 0.998695970 -0.023256673 -1.320702195 -0.989144444 0.048245225 0.138801336 27.321296692
0.141220510 0.016101858 0.989847302 77.946289062 0.044208370 0.998767734 -0.022554135 -1.341144562 -0.988990664 0.046944637 0.140334666 27.516746521
0.143221140 0.015479012 0.989569664 79.306976318 0.043026656 0.998834908 -0.021851225 -1.364193678 -0.988754988 0.045707431 0.142388284 27.714591980
0.145022392 0.013449656 0.989337027 80.654815674 0.044051055 0.998828351 -0.020035936 -1.383939266 -0.988447368 0.046487000 0.144259989 27.905242920
0.146722794 0.011719780 0.989108264 82.047042847 0.043979649 0.998863697 -0.018359246 -1.398182154 -0.988199532 0.046194352 0.146040678 28.117462158
0.148223996 0.010949228 0.988893330 83.427810669 0.044068377 0.998872340 -0.017665079 -1.414254904 -0.987971604 0.046197310 0.147574365 28.330200195
0.150100112 0.011092707 0.988608599 84.830619812 0.044822242 0.998832583 -0.018012773 -1.434853673 -0.987654269 0.047015376 0.149427652 28.544761658
0.151689172 0.011040997 0.988366723 86.213256836 0.046543453 0.998748600 -0.018300217 -1.452041507 -0.987331927 0.048777938 0.150985479 28.756164551
0.153381407 0.009376325 0.988122702 87.598022461 0.048260305 0.998690665 -0.016967822 -1.469589591 -0.986988008 0.050289646 0.152728081 28.965591431
0.155304492 0.008543625 0.987829745 89.034156799 0.048058268 0.998713255 -0.016193371 -1.485421419 -0.986697018 0.049988288 0.154694021 29.193725586
0.156449735 0.006498211 0.987664700 90.429306030 0.048867319 0.998702765 -0.014311607 -1.509223580 -0.986476421 0.050503567 0.155929208 29.414726257
0.157597780 0.005048116 0.987490535 91.846832275 0.048961032 0.998717129 -0.012919407 -1.523074985 -0.986288965 0.050384622 0.157148421 29.635925293
0.158707023 0.003965376 0.987317801 93.233688354 0.050385077 0.998656452 -0.012110102 -1.533961296 -0.986039281 0.051668040 0.158294022 29.849449158
0.159866512 0.003809872 0.987131357 94.665954590 0.051216215 0.998613715 -0.012148688 -1.556132793 -0.985809147 0.052499298 0.159449756 30.082702637
0.160453379 0.004754015 0.987032115 96.056739807 0.052546445 0.998529196 -0.013351430 -1.570755363 -0.985643864 0.054007303 0.159967601 30.308769226
0.161196172 0.006939617 0.986897945 97.478775024 0.051819947 0.998536348 -0.015485525 -1.587169409 -0.985560954 0.053637207 0.160600603 30.541168213
0.161840618 0.008304766 0.986782074 98.863517761 0.051491562 0.998531282 -0.016848704 -1.607778311 -0.985472679 0.053537752 0.161175251 30.769104004
0.162267208 0.009203229 0.986703932 100.274780273 0.051268850 0.998527229 -0.017744865 -1.628057122 -0.985414028 0.053466585 0.161556423 30.998878479
0.162875652 0.012266899 0.986570418 101.666213989 0.050642323 0.998500705 -0.020775925 -1.650381327 -0.985346138 0.053346109 0.162010252 31.231567383
0.163594902 0.014418988 0.986422241 103.066596985 0.049963132 0.998488903 -0.022881599 -1.677429438 -0.985261619 0.053028058 0.162627280 31.461509705
0.164126098 0.013865778 0.986341953 104.472175598 0.047819886 0.998613775 -0.021995466 -1.702322364 -0.985279620 0.050776791 0.163235545 31.695938110
0.164729774 0.011860356 0.986267507 105.852294922 0.047776144 0.998658061 -0.019989097 -1.726210833 -0.985181034 0.050412856 0.163942039 31.926239014
0.164989114 0.011587112 0.986227334 107.224868774 0.046640430 0.998720706 -0.019536523 -1.758571506 -0.985192001 0.049221382 0.164237618 32.173553467
0.166578293 0.012654385 0.985947073 108.608551025 0.046720456 0.998693287 -0.020711524 -1.782592893 -0.984920800 0.049513984 0.165769398 32.402969360
0.167451739 0.013105509 0.985793114 110.002639771 0.045151666 0.998760521 -0.020947585 -1.810948014 -0.984845757 0.048017912 0.166652441 32.644256592
0.168708384 0.011597119 0.985597789 111.385543823 0.045323469 0.998781800 -0.019510437 -1.833622098 -0.984623373 0.047962286 0.167977273 32.875114441
0.169741392 0.007737889 0.985458314 112.802238464 0.044140749 0.998905897 -0.015446557 -1.862522960 -0.984499633 0.046120785 0.169214129 33.126213074
0.171299517 0.005022550 0.985206306 114.195648193 0.045258008 0.998891234 -0.012961412 -1.878694296 -0.984179080 0.046808753 0.170882285 33.363761902
0.172510862 0.007136360 0.984981894 115.579727173 0.047239903 0.998763144 -0.015509868 -1.895004153 -0.983874321 0.049206067 0.171960413 33.614624023
0.174368680 0.007364308 0.984652996 116.963012695 0.049386255 0.998648107 -0.016214618 -1.905009270 -0.983441293 0.051455639 0.173769236 33.848846436
0.175988674 0.006539268 0.984370589 118.361221313 0.048955493 0.998682439 -0.015386757 -1.927882552 -0.983174205 0.050898235 0.175436676 34.099914551
0.177672923 0.006786590 0.984066248 119.755943298 0.050088421 0.998617709 -0.015930403 -1.940077662 -0.982814133 0.052120723 0.177087426 34.348831177
0.179051638 0.006831130 0.983815968 121.162712097 0.048169937 0.998715758 -0.015701378 -1.957502127 -0.982659757 0.050201710 0.178492665 34.614051819
0.180238724 0.005888053 0.983605325 122.552001953 0.047160018 0.998780370 -0.014620639 -1.976075649 -0.982491732 0.049022049 0.179741204 34.876121521
0.181978881 0.005283789 0.983288348 123.961624146 0.048118480 0.998739660 -0.014272199 -1.992712855 -0.982124507 0.049911574 0.181495309 35.133903503
0.183478236 0.004791799 0.983012140 125.357299805 0.049109928 0.998694777 -0.014034567 -2.008066177 -0.981796324 0.050850689 0.183003426 35.392395020
0.184865355 0.003474908 0.982757807 126.755828857 0.050921336 0.998616636 -0.013109735 -2.026439190 -0.981443822 0.052466869 0.184432685 35.655006409
0.185963869 0.004275937 0.982547283 128.169754028 0.052280247 0.998530924 -0.014240427 -2.040960073 -0.981164694 0.054016020 0.185467124 35.935981750
0.187538981 0.009054065 0.982215464 129.576461792 0.051686119 0.998481214 -0.019072678 -2.050561428 -0.980896413 0.054343775 0.186786175 36.199783325
0.188593030 0.012313836 0.981978178 131.003677368 0.050985143 0.998450160 -0.022312306 -2.078704357 -0.980730951 0.054274239 0.187672913 36.481582642
0.188740909 0.013293129 0.981937051 132.429916382 0.048983514 0.998536289 -0.022933109 -2.106464386 -0.980804622 0.052427139 0.187813520 36.765090942
0.189536929 0.013890089 0.981775343 133.866912842 0.046812337 0.998635054 -0.023165988 -2.133359909 -0.980757058 0.050350007 0.188627958 37.037719727
0.190489113 0.014201877 0.981586576 135.297760010 0.045731518 0.998681426 -0.023323983 -2.159544468 -0.980623543 0.049332410 0.189588487 37.310691833
0.190359235 0.012733974 0.981631935 136.760192871 0.044383224 0.998781860 -0.021563295 -2.188205957 -0.980710685 0.047672763 0.189562142 37.610580444
0.190485895 0.013145763 0.981601954 138.195556641 0.041255936 0.998919785 -0.021383658 -2.213943481 -0.980822682 0.044570193 0.189737797 37.894699097
0.190684140 0.014089310 0.981550336 139.656738281 0.038193677 0.999033391 -0.021760084 -2.244198799 -0.980908155 0.041638318 0.189961672 38.189674377
0.190829515 0.011741388 0.981553018 141.100463867 0.037110232 0.999127388 -0.019166434 -2.268314362 -0.980921507 0.040083181 0.190227270 38.473136902
0.191002607 0.007729398 0.981559098 142.560302734 0.037015416 0.999201059 -0.015071191 -2.292716265 -0.980891407 0.039211452 0.190563917 38.765899658
0.191470265 0.004305630 0.981489062 144.009475708 0.038246311 0.999198139 -0.011844466 -2.312689781 -0.980753064 0.039806198 0.191152036 39.047798157
0.192064762 0.003800546 0.981374860 145.456176758 0.039840978 0.999137938 -0.011666609 -2.331417561 -0.980573177 0.041339677 0.191747785 39.325965881
0.192452967 0.004509184 0.981295943 146.896316528 0.042310506 0.999021351 -0.012888631 -2.344019890 -0.980393767 0.043999579 0.192073822 39.607254028
0.193191409 0.004653910 0.981150150 148.329467773 0.046291109 0.998831928 -0.013852643 -2.362190008 -0.980068564 0.048094735 0.192750275 39.876617432
0.193809748 0.005670351 0.981022775 149.793853760 0.049984682 0.998627424 -0.015647026 -2.382120848 -0.979764938 0.052068654 0.193260312 40.175331116
0.195339561 0.008002779 0.980703056 151.228713989 0.051440392 0.998506665 -0.018394124 -2.400024891 -0.979385734 0.054040849 0.194636226 40.451118469
0.195387006 0.006570404 0.980704308 152.676544189 0.051573392 0.998525083 -0.016964838 -2.426930189 -0.979369342 0.053892955 0.194759965 40.750846863
0.195351183 0.001227512 0.980732739 154.110153198 0.048516188 0.998762786 -0.010913984 -2.445845127 -0.979532719 0.049713466 0.195049942 41.043716431
0.195038795 -0.000826566 0.980795205 155.599792480 0.047776416 0.998820543 -0.008658960 -2.453744650 -0.979631245 0.048547711 0.194848239 41.349304199
0.195600450 0.000806935 0.980683446 157.024261475 0.047512874 0.998817563 -0.010298456 -2.464600325 -0.979532123 0.048609469 0.195330799 41.638931274
0.196214199 0.002461218 0.980557978 158.443603516 0.051440842 0.998593986 -0.012800039 -2.480471611 -0.979210854 0.052952275 0.195811689 41.927017212
0.197829843 0.001655556 0.980235040 159.905349731 0.055073358 0.998400271 -0.012801079 -2.504177332 -0.978688061 0.056517269 0.197422206 42.220245361
0.200361848 0.004325116 0.979712546 161.322738647 0.055787314 0.998317420 -0.015816374 -2.525110483 -0.978132486 0.057824519 0.199783444 42.507980347
0.201821566 0.007280424 0.979395330 162.746185303 0.058338918 0.998107493 -0.019441282 -2.548889160 -0.977683365 0.061060529 0.201014876 42.799865723
0.203301430 0.007935984 0.979084074 164.153869629 0.054241914 0.998340249 -0.019355107 -2.578011036 -0.977612555 0.057042316 0.202533543 43.092498779
0.204090357 0.007436022 0.978923857 165.586868286 0.051136967 0.998524964 -0.018246176 -2.606879950 -0.977615535 0.053783063 0.203409016 43.407653809
0.205488622 0.004608055 0.978648663 166.983108521 0.048984677 0.998687088 -0.014987809 -2.633067131 -0.977432847 0.051018611 0.204993129 43.701080322
0.206685901 0.005352127 0.978392661 168.413452148 0.047895290 0.998730838 -0.015581283 -2.655817509 -0.977234304 0.050080836 0.206167281 44.013687134
0.208184242 0.008550114 0.978052318 169.799652100 0.046051182 0.998767138 -0.018533476 -2.675765038 -0.977005005 0.048898842 0.207533836 44.305145264
0.208692551 0.009513265 0.977935076 171.198501587 0.044691347 0.998815298 -0.019253582 -2.702040195 -0.976959705 0.047723312 0.208020151 44.617675781
0.209314108 0.008911992 0.977807879 172.580383301 0.043143157 0.998900533 -0.018339662 -2.725941420 -0.976896286 0.046024468 0.208699465 44.918746948
0.209923863 0.008827031 0.977678001 173.993972778 0.041551884 0.998975277 -0.017941209 -2.752219200 -0.976834476 0.044390649 0.209341943 45.236022949
0.210427046 0.008478398 0.977572799 175.367691040 0.042224731 0.998950422 -0.017752873 -2.773830652 -0.976697266 0.045013435 0.209848166 45.531829834
0.210794747 0.004989769 0.977517664 176.743774414 0.042572491 0.998991311 -0.014279840 -2.792116642 -0.976602912 0.044625476 0.210369706 45.832183838
0.211533308 0.000012994 0.977370799 178.151580811 0.043256655 0.999019980 -0.009375361 -2.813608408 -0.976413131 0.044260990 0.211325407 46.142883301
0.211802900 -0.001473097 0.977311313 179.532638550 0.044382323 0.998981655 -0.008112775 -2.828617573 -0.976304114 0.045093656 0.211652577 46.439880371
0.211727381 0.000739742 0.977328479 180.907196045 0.044526361 0.998954058 -0.010402252 -2.837567568 -0.976313949 0.045719322 0.211472988 46.741516113
0.211875737 0.004718049 0.977285326 182.272216797 0.045161106 0.998872817 -0.014613216 -2.849416971 -0.976252675 0.047231469 0.211423874 47.036834717
0.211816549 0.008087511 0.977275968 183.656005859 0.044884767 0.998830080 -0.017994288 -2.861783266 -0.976278186 0.047676295 0.211205721 47.351348877
0.212011933 0.007218048 0.977240503 185.025604248 0.046114240 0.998784959 -0.017381655 -2.883195400 -0.976178586 0.048749816 0.211421490 47.641738892
0.211718440 0.004020044 0.977322519 186.428710938 0.046491522 0.998818040 -0.014179977 -2.903892040 -0.976224363 0.048439369 0.211281300 47.954071045
0.211866975 0.002000678 0.977296531 187.797500610 0.046982769 0.998820841 -0.012230084 -2.923872471 -0.976168573 0.048507243 0.211523116 48.250350952
0.211955786 0.002428997 0.977276206 189.212692261 0.047853716 0.998771548 -0.012861141 -2.942356348 -0.976106942 0.049492292 0.211579204 48.554687500
0.211973310 0.002141992 0.977273226 190.602706909 0.050697591 0.998627007 -0.013185253 -2.957285643 -0.975959659 0.052340314 0.211573660 48.853607178
0.212343156 0.003217153 0.977190018 191.978210449 0.051462092 0.998570085 -0.014470249 -2.974756956 -0.975839257 0.053360894 0.211873949 49.144454956
0.212590754 0.006316960 0.977120936 193.382247925 0.051943392 0.998492181 -0.017756369 -2.998146296 -0.975759745 0.054529812 0.211942077 49.459411621
0.213135362 0.012234144 0.976946056 194.767684937 0.052226581 0.998349309 -0.023896180 -3.021246910 -0.975625753 0.056115672 0.212144613 49.757919312
0.213588476 0.014934473 0.976809561 196.183410645 0.048856989 0.998468637 -0.025948651 -3.060320616 -0.975701272 0.053266305 0.212531745 50.076248169
0.215011537 0.016046833 0.976479650 197.575393677 0.046339575 0.998571157 -0.026613401 -3.091589689 -0.975511491 0.050971843 0.213960707 50.386581421
0.216727734 0.012908877 0.976146817 198.982650757 0.043254040 0.998803616 -0.022811927 -3.120400190 -0.975273490 0.047166266 0.215910077 50.700286865
0.217866898 0.009282122 0.975934505 200.371047974 0.042162929 0.998931706 -0.018913280 -3.144888878 -0.975067437 0.045268830 0.217242777 51.017181396
0.219438314 0.006175895 0.975606859 201.772399902 0.042502031 0.998970091 -0.015883561 -3.167371988 -0.974700212 0.044950735 0.218949854 51.337310791
0.221226573 0.005254331 0.975208402 203.169448853 0.045621604 0.998834908 -0.015730923 -3.186263561 -0.974154890 0.047970664 0.220729113 51.659378052
0.224010229 0.006318817 0.974566340 204.552337646 0.047530659 0.998718202 -0.017400634 -3.202113867 -0.973427117 0.050219700 0.223422706 51.969467163
0.226358414 0.005863390 0.974026501 205.944229126 0.048358280 0.998681068 -0.017250009 -3.220883369 -0.972842932 0.051006928 0.225776315 52.288452148
0.228214979 0.004706866 0.973599374 207.337448120 0.046198141 0.998809576 -0.015657749 -3.243488789 -0.972514093 0.048551816 0.227725863 52.619140625
0.229710996 0.001816115 0.973257184 208.706359863 0.045358904 0.998891652 -0.012569692 -3.259814262 -0.972201347 0.047033276 0.229374051 52.943817139
0.230679154 -0.000133633 0.973029971 210.127243042 0.043671321 0.998993695 -0.010216099 -3.270761490 -0.972049415 0.044850141 0.230452836 53.291687012
0.232090831 -0.001081139 0.972693622 211.500869751 0.045848511 0.998900056 -0.009829480 -3.277426720 -0.971613050 0.046877883 0.231885076 53.615905762
0.233685255 0.000224248 0.972312331 212.919937134 0.050829973 0.998629749 -0.012446785 -3.296413898 -0.970982850 0.052331235 0.233353674 53.956573486
0.236089766 0.004959091 0.971718609 214.297332764 0.050821815 0.998555362 -0.017443772 -3.307996750 -0.970401347 0.053502798 0.235496700 54.290939331
0.238720000 0.005870879 0.971070707 215.693679810 0.050184608 0.998570919 -0.018374110 -3.329294443 -0.969790876 0.053119071 0.238084257 54.637344360
0.240888357 0.002003161 0.970550776 217.073242188 0.046911057 0.998805046 -0.013704688 -3.348882914 -0.969418466 0.048830863 0.240506530 54.985961914
0.243077457 -0.002588654 0.970003426 218.463256836 0.045539547 0.998924255 -0.008746121 -3.365860462 -0.968937337 0.046299499 0.242933810 55.341796875
0.245881617 -0.002189513 0.969297469 219.843795776 0.046823408 0.998856843 -0.009621412 -3.372025490 -0.968168378 0.047751535 0.245703101 55.694213867
0.248799205 0.002090295 0.968552947 221.266586304 0.048109606 0.998736620 -0.014513704 -3.378626823 -0.967359602 0.050207693 0.248384356 56.051971436
0.251580358 0.004109564 0.967827737 222.659957886 0.051615477 0.998510957 -0.017656952 -3.389701366 -0.966459155 0.054397032 0.250993609 56.400726318
0.253833950 0.002731752 0.967243969 224.069351196 0.049754165 0.998635292 -0.015877401 -3.415485859 -0.965967298 0.052154638 0.253351629 56.779907227
0.256040335 0.001497216 0.966664910 225.456176758 0.051439520 0.998560846 -0.015171390 -3.430076599 -0.965296447 0.053609267 0.255594850 57.138671875
0.256804168 0.005774243 0.966446161 226.862350464 0.047653504 0.998690188 -0.018629387 -3.455124855 -0.965287924 0.050838653 0.256192684 57.529006958
0.257538855 0.011941192 0.966194212 228.245559692 0.043907296 0.998746157 -0.024046984 -3.479965448 -0.965269864 0.048616003 0.256691635 57.903671265
0.257597387 0.016065806 0.966118872 229.634994507 0.042557094 0.998702884 -0.027954713 -3.508987427 -0.965314806 0.048316270 0.256579578 58.280136108
0.257721126 0.012747152 0.966135323 231.023483276 0.041339044 0.998851895 -0.024206199 -3.542972803 -0.965334654 0.046177555 0.256898284 58.652389526
0.257913411 0.008181033 0.966133416 232.421264648 0.040865421 0.998976946 -0.019368343 -3.571341276 -0.965303481 0.044476803 0.257315218 59.026855469
0.257522821 0.007850103 0.966240346 233.810333252 0.040525947 0.998999417 -0.018917244 -3.589595795 -0.965422034 0.044029426 0.256946981 59.401290894
0.257028639 0.006377089 0.966382802 235.257324219 0.041488897 0.998983443 -0.017627012 -3.615354061 -0.965512812 0.044624802 0.256502748 59.793624878
0.256537914 0.006813074 0.966510296 236.669509888 0.039436162 0.999068677 -0.017510012 -3.634212732 -0.965729415 0.042607434 0.256030321 60.175857544
0.255330622 0.005758756 0.966836631 238.067565918 0.037588645 0.999167144 -0.015878063 -3.657927275 -0.966122866 0.040396232 0.254901528 60.553451538
0.254016936 0.005648201 0.967183232 239.474060059 0.038765196 0.999119997 -0.016015831 -3.673211336 -0.966422558 0.041561339 0.253574431 60.923400879
0.253340542 0.001404524 0.967376232 240.899932861 0.038474608 0.999193072 -0.011526617 -3.695398331 -0.966611862 0.040139578 0.253082097 61.306869507
0.253178179 0.002203961 0.967417359 242.316268921 0.040728692 0.999086499 -0.012935031 -3.705992222 -0.966562152 0.042676505 0.252857149 61.675125122
0.253325462 0.005341734 0.967366457 243.755691528 0.041166443 0.999019384 -0.016296834 -3.718750954 -0.966504872 0.043951437 0.252857149 62.049026489
0.253313124 0.007085797 0.967358470 245.157104492 0.040749319 0.999007463 -0.017988274 -3.738367319 -0.966525793 0.043975860 0.252772987 62.410110474
0.253345311 0.005902131 0.967357874 246.589584351 0.040212922 0.999052763 -0.016627038 -3.762983561 -0.966539741 0.043112669 0.252867997 62.798751831
0.253224790 0.003760404 0.967400193 248.010116577 0.041736957 0.999018908 -0.014808300 -3.781537056 -0.966506779 0.044126168 0.252819419 63.165893555
0.253370702 -0.001010679 0.967368722 249.451385498 0.043501992 0.998999715 -0.010350203 -3.803804398 -0.966390669 0.044704907 0.253161252 63.557998657
0.253929377 -0.003272626 0.967217326 250.877838135 0.047398880 0.998834908 -0.009064314 -3.814465046 -0.966060758 0.048146706 0.253788650 63.922927856
0.253896415 -0.002107474 0.967229187 252.289108276 0.050104342 0.998683691 -0.010976318 -3.823896408 -0.965932846 0.051249225 0.253667772 64.290039062
0.254134178 0.003727254 0.967161775 253.739898682 0.048834655 0.998667598 -0.016680606 -3.836883068 -0.965935290 0.051470123 0.253613532 64.686035156
0.254034162 0.007637769 0.967165112 255.159515381 0.048794772 0.998594224 -0.020702330 -3.857951164 -0.965963662 0.052451700 0.253304362 65.058456421
0.253663778 0.009002399 0.967250645 256.588897705 0.045930035 0.998716712 -0.021340529 -3.882243633 -0.966201484 0.049839173 0.252924740 65.440078735
0.253152490 0.008925853 0.967385352 258.019317627 0.044207349 0.998806179 -0.020784277 -3.909416676 -0.966415942 0.048027128 0.252455652 65.819015503
0.252575934 0.009841057 0.967527032 259.473785400 0.041826256 0.998902500 -0.021079063 -3.933159351 -0.966672659 0.045792099 0.251887083 66.213119507
0.252670944 0.012775945 0.967467964 260.909057617 0.040153805 0.998912930 -0.023678057 -3.955916882 -0.966718793 0.044830278 0.251883268 66.590118408
0.252458155 0.012647354 0.967525184 262.378723145 0.038905434 0.998973310 -0.023210112 -3.988546133 -0.966825366 0.043501567 0.251706898 66.974868774
0.251885176 0.009643721 0.967709124 263.821777344 0.037458252 0.999103844 -0.019706607 -4.012265682 -0.967031956 0.041212495 0.251298249 67.359619141
0.251522541 0.006845587 0.967827201 265.298004150 0.037134089 0.999170423 -0.016717825 -4.036634445 -0.967138767 0.040144291 0.251059651 67.751403809
0.251618326 0.006193344 0.967806756 266.758148193 0.037711490 0.999157369 -0.016198510 -4.051450729 -0.967091560 0.040573277 0.251172781 68.129653931
0.251466274 0.004094576 0.967857540 268.242187500 0.038939983 0.999138594 -0.014344205 -4.073609352 -0.967082500 0.041295435 0.251090169 68.524291992
0.251418650 0.001173028 0.967877805 269.708312988 0.040339664 0.999117672 -0.011689638 -4.083578110 -0.967037499 0.041982856 0.251149476 68.902938843
0.251395345 0.001655560 0.967883050 271.180053711 0.040960047 0.999084473 -0.012347783 -4.105474472 -0.967017412 0.042748712 0.251097381 69.288894653
0.251006007 0.004242530 0.967976332 272.641693115 0.041227669 0.999036133 -0.015069418 -4.115325451 -0.967107296 0.043689918 0.250589192 69.674041748
0.251032650 0.005063293 0.967965364 274.150848389 0.041917067 0.998991430 -0.016096376 -4.135025024 -0.967070639 0.044614986 0.250567198 70.075607300
0.250757635 0.004999149 0.968037009 275.648040771 0.042583246 0.998961747 -0.016189497 -4.152779102 -0.967112899 0.045281798 0.250284433 70.473434448
0.251095951 0.004179257 0.967953146 277.144287109 0.042750757 0.998967052 -0.015403102 -4.167007446 -0.967017651 0.045248389 0.250657916 70.864105225
0.250798821 0.003190252 0.968034029 278.655029297 0.043576602 0.998943686 -0.014581974 -4.180735588 -0.967057943 0.045840774 0.250394881 71.260665894
0.250951886 0.001895351 0.967997730 280.171722412 0.043825638 0.998950422 -0.013317685 -4.197496414 -0.967006981 0.045765214 0.250605404 71.660018921
0.250336766 0.000886310 0.968158543 281.695312500 0.045305837 0.998893321 -0.012629186 -4.212613106 -0.967098296 0.047024775 0.250019610 72.060317993
0.250238180 0.003565212 0.968177855 283.215209961 0.044659335 0.998886287 -0.015221087 -4.225889206 -0.967153847 0.047047071 0.249800265 72.460617065
0.250625670 0.004894532 0.968071699 284.752197266 0.046518460 0.998771191 -0.017092992 -4.247026443 -0.966965795 0.049317148 0.250090003 72.854522705
0.250779450 0.003216456 0.968038917 286.278503418 0.048050866 0.998720467 -0.015766423 -4.265404701 -0.966850996 0.050469004 0.250303984 73.250030518
0.250380695 0.000602008 0.968147337 287.838958740 0.049088918 0.998705626 -0.013316307 -4.287296772 -0.966902196 0.050859448 0.250027061 73.660781860
0.250767529 0.000950566 0.968046963 289.382629395 0.051335637 0.998579383 -0.014278783 -4.302058220 -0.966685295 0.053275961 0.250362456 74.057617188
0.250593841 0.002458821 0.968089342 290.913848877 0.052342128 0.998499632 -0.016085038 -4.321800232 -0.966676414 0.054702658 0.250089169 74.456787109
0.251027286 0.002794158 0.967976093 292.494903564 0.052440494 0.998488009 -0.016481744 -4.333621979 -0.966558576 0.054898508 0.250501215 74.863159180
0.250967741 0.003509396 0.967989087 294.047271729 0.050439458 0.998587549 -0.016697619 -4.353892326 -0.966680408 0.053015407 0.250436246 75.270050049
0.250938118 0.005211160 0.967989206 295.615692139 0.050725739 0.998540759 -0.018525604 -4.374251366 -0.966673255 0.053750742 0.250307620 75.682113647
0.251023471 0.007511598 0.967951894 297.180755615 0.048695337 0.998605788 -0.020377871 -4.398182392 -0.966755450 0.052250065 0.250307679 76.090164185
0.250503719 0.008861382 0.968075156 298.777282715 0.046466470 0.998695612 -0.021165561 -4.428060055 -0.966999948 0.050285082 0.249765217 76.525314331
0.250528693 0.008489835 0.968071938 300.348083496 0.044117145 0.998822570 -0.020176647 -4.451650620 -0.967103422 0.047763400 0.249859154 76.935180664
0.250171006 0.008569135 0.968163729 301.955352783 0.042294253 0.998909593 -0.019769991 -4.480457306 -0.967277467 0.045893639 0.249535799 77.367843628
0.249771059 0.008135700 0.968270719 303.535400391 0.040053148 0.999022067 -0.018726021 -4.506736755 -0.967476130 0.043459509 0.249200940 77.783096313
0.249649942 0.005541319 0.968320310 305.148498535 0.039405320 0.999097168 -0.015876826 -4.529292583 -0.967534065 0.042120617 0.249206185 78.204940796
0.249489248 0.001266245 0.968376815 306.733886719 0.040653676 0.999103844 -0.011780299 -4.547802448 -0.967523932 0.042307135 0.249214172 78.611785889
0.248886883 -0.001728079 0.968531013 308.350158691 0.041685730 0.999090850 -0.008929528 -4.564322472 -0.967635095 0.042596363 0.248732686 79.046371460
0.248546064 -0.002191808 0.968617618 309.941040039 0.043314707 0.999022245 -0.008853895 -4.576902390 -0.967651129 0.044155985 0.248398006 79.450057983
0.248133123 0.000778840 0.968725681 311.564239502 0.044560149 0.998932004 -0.012216939 -4.588810921 -0.967700601 0.046197984 0.247833431 79.870147705
0.247513473 0.004711900 0.968873024 313.179290771 0.044987734 0.998853743 -0.016350513 -4.597814560 -0.967839479 0.047634371 0.247017741 80.284591675
0.247224391 0.004919147 0.968945801 314.782562256 0.045207988 0.998839557 -0.016605631 -4.618960857 -0.967903078 0.047909405 0.246715128 80.686767578
0.246056736 0.002342069 0.969252586 316.398864746 0.045013819 0.998890460 -0.013841000 -4.643836498 -0.968209624 0.047035430 0.245678306 81.121704102
0.245382011 -0.000114815 0.969426453 317.999755859 0.045339022 0.998907089 -0.011357942 -4.663707733 -0.968365669 0.046739880 0.245119035 81.520370483
0.244639635 -0.002281624 0.969611406 319.634460449 0.047111448 0.998844147 -0.009536128 -4.686250210 -0.968468845 0.048012711 0.244464338 81.947067261
