1.000000000 0.000000000 0.000000000 0.000000000 0.000000000 1.000000000 0.000000000 0.000000000 0.000000000 0.000000000 1.000000000 0.000000000
0.999999106 0.000422462 0.001259101 0.004414515 -0.000421564 0.999999642 -0.000713520 -0.012285949 -0.001259402 0.000712988 0.999998927 1.643685341
0.999996245 0.000430416 0.002699606 0.009817556 -0.000429206 0.999999821 -0.000448631 -0.036243577 -0.002699799 0.000447471 0.999996245 3.278629780
0.999990225 0.001021373 0.004305873 0.020351475 -0.001023185 0.999999404 0.000418665 -0.052691270 -0.004305443 -0.000423067 0.999990642 4.919270992
0.999979973 0.001170577 0.006218586 0.044896740 -0.001175180 0.999999046 0.000736622 -0.071563467 -0.006217717 -0.000743916 0.999980390 6.558043957
0.999961436 0.001355046 0.008679844 0.064293355 -0.001359730 0.999998927 0.000533734 -0.086111821 -0.008679111 -0.000545516 0.999962211 8.165802956
0.999928474 0.002089047 0.011776476 0.080349147 -0.002105036 0.999996901 0.001345535 -0.108720616 -0.011773628 -0.001370229 0.999929726 9.812374115
0.999902487 0.001136481 0.013917615 0.106858246 -0.001170899 0.999996305 0.002465085 -0.121880487 -0.013914761 -0.002481141 0.999900103 11.440410614
0.999872208 0.000479698 0.015978416 0.128778905 -0.000530773 0.999994755 0.003192372 -0.145154059 -0.015976802 -0.003200445 0.999867260 13.087257385
0.999841690 -0.000932720 0.017768366 0.165047213 0.000869484 0.999993265 0.003566277 -0.163205698 -0.017771572 -0.003550263 0.999835789 14.711734772
0.999807417 -0.002582684 0.019454015 0.203835040 0.002505397 0.999988854 0.003996104 -0.176801920 -0.019464118 -0.003946594 0.999802768 16.341150284
0.999768674 -0.002471500 0.021364981 0.240787238 0.002393833 0.999990463 0.003660071 -0.190741539 -0.021373823 -0.003608080 0.999765038 17.960607529
0.999736726 -0.003709872 0.022644373 0.281409204 0.003669396 0.999991596 0.001828745 -0.206346720 -0.022650966 -0.001745172 0.999741912 19.597024918
0.999692976 -0.002436846 0.024657119 0.328704298 0.002397006 0.999995768 0.001645181 -0.219173461 -0.024661025 -0.001585572 0.999694586 21.210109711
0.999664128 -0.002846065 0.025760161 0.373219937 0.002768023 0.999991477 0.003064734 -0.243469983 -0.025768664 -0.002992400 0.999663472 22.815931320
0.999619663 -0.001941684 0.027510108 0.411146492 0.001860186 0.999993801 0.002987751 -0.257054389 -0.027515739 -0.002935441 0.999617040 24.439836502
0.999595881 -0.002401593 0.028325710 0.469360650 0.002369877 0.999996543 0.001153202 -0.272799879 -0.028328381 -0.001085608 0.999598086 26.066061020
0.999571085 -0.003123919 0.029118309 0.525134444 0.003142062 0.999994874 -0.000577321 -0.295295477 -0.029116357 0.000668565 0.999575794 27.673559189
0.999548674 -0.003556721 0.029830474 0.591544390 0.003589473 0.999993026 -0.001044466 -0.311331362 -0.029826552 0.001151070 0.999554455 29.284269333
0.999523938 -0.003319131 0.030673834 0.643351674 0.003297419 0.999994278 0.000758381 -0.334566861 -0.030676175 -0.000656875 0.999529183 30.901351929
0.999502063 -0.003204267 0.031390913 0.706474304 0.003104289 0.999989927 0.003233158 -0.353426218 -0.031400960 -0.003134102 0.999501944 32.504295349
0.999470472 -0.003604531 0.032338154 0.765025556 0.003463155 0.999984205 0.004426735 -0.367455512 -0.032353599 -0.004312399 0.999467194 34.105678558
0.999442041 -0.004632332 0.033078529 0.824805439 0.004502281 0.999981821 0.004004993 -0.382360786 -0.033096481 -0.003853829 0.999444723 35.687496185
0.999414802 -0.005193647 0.033810150 0.885237336 0.005100944 0.999983013 0.002827552 -0.401408494 -0.033824261 -0.002653434 0.999424279 37.278270721
0.999387980 -0.004739990 0.034658138 0.947421670 0.004693134 0.999987960 0.001433157 -0.422893733 -0.034664515 -0.001269625 0.999398172 38.862457275
0.999345839 -0.004409303 0.035894673 1.005116463 0.004405346 0.999990284 0.000189339 -0.444738299 -0.035895158 -0.000031086 0.999355555 40.441585541
0.999282300 -0.002667115 0.037786536 1.069782019 0.002704117 0.999995887 -0.000928149 -0.465347528 -0.037783906 0.001029662 0.999285400 42.015350342
0.999179900 -0.001737722 0.040454451 1.133914948 0.001787530 0.999997675 -0.001195062 -0.483678043 -0.040452283 0.001266396 0.999180675 43.589725494
0.999091268 -0.000822553 0.042613648 1.203825831 0.000874023 0.999998927 -0.001189211 -0.500633001 -0.042612620 0.001225375 0.999090910 45.141159058
0.999008656 -0.001361438 0.044495050 1.267126441 0.001366895 0.999999046 -0.000092213 -0.528302252 -0.044494882 0.000152942 0.999009609 46.705272675
0.998927355 -0.000636583 0.046299905 1.339742899 0.000586025 0.999999225 0.001105524 -0.538063347 -0.046300571 -0.001077205 0.998926997 48.260520935
0.998814046 -0.001246270 0.048672151 1.420664430 0.001129032 0.999996424 0.002436156 -0.570047438 -0.048675012 -0.002378315 0.998811841 49.806781769
0.998674393 -0.000485566 0.051471028 1.502281427 0.000311914 0.999994218 0.003381763 -0.582329273 -0.051472373 -0.003361225 0.998668790 51.336502075
0.998537898 -0.001451084 0.054036193 1.578820109 0.001300906 0.999995172 0.002814279 -0.606494188 -0.054040018 -0.002739869 0.998535037 52.859909058
0.998426437 -0.001308453 0.056061864 1.672290444 0.001188055 0.999996901 0.002180861 -0.621518970 -0.056064542 -0.002110825 0.998424888 54.378906250
0.998309612 -0.002368273 0.058071494 1.761872292 0.002286452 0.999996305 0.001475364 -0.644731998 -0.058074772 -0.001340092 0.998311341 55.941677094
0.998211145 -0.002604233 0.059730802 1.859485865 0.002566318 0.999996483 0.000711462 -0.657289267 -0.059732441 -0.000556901 0.998214245 57.464126587
0.998113275 -0.001389546 0.061383840 1.950573802 0.001376435 0.999999046 0.000255867 -0.676805258 -0.061384134 -0.000170893 0.998114228 59.013927460
0.998002291 -0.000999172 0.063169405 2.049319983 0.001049721 0.999999166 -0.000767029 -0.692189753 -0.063168585 0.000831807 0.998002529 60.535366058
0.997878909 0.000023338 0.065097608 2.141958475 0.000078140 0.999998808 -0.001556312 -0.711059570 -0.065097570 0.001558098 0.997877717 62.056556702
0.997792125 -0.000219989 0.066414103 2.249956131 0.000240351 0.999999940 -0.000298600 -0.748703003 -0.066414036 0.000313903 0.997792125 63.588886261
0.997685134 -0.001104770 0.067993820 2.356478691 0.000991466 0.999998093 0.001700106 -0.764325261 -0.067995571 -0.001628757 0.997684300 65.114204407
0.997599185 -0.002555437 0.069204800 2.476465702 0.002389025 0.999994040 0.002487283 -0.778535068 -0.069210745 -0.002315980 0.997599363 66.636817932
0.997473717 -0.002612314 0.070988469 2.591727257 0.002484817 0.999995112 0.001884275 -0.790880501 -0.070993043 -0.001703121 0.997475386 68.152908325
0.997308195 -0.001744484 0.073303103 2.706269026 0.001712243 0.999998391 0.000502669 -0.808620214 -0.073303863 -0.000375803 0.997309566 69.678245544
0.997060716 -0.000580640 0.076613262 2.826526403 0.000539040 0.999999702 0.000563655 -0.825998902 -0.076613568 -0.000520700 0.997060716 71.190315247
0.996827841 0.000220312 0.079587676 2.946553469 -0.000200848 0.999999940 -0.000252574 -0.847950459 -0.079587728 0.000235788 0.996827841 72.713951111
0.996597290 0.000230388 0.082424760 3.074076653 -0.000111722 0.999998927 -0.001444294 -0.865185797 -0.082425006 0.001430170 0.996596217 74.226593018
0.996431589 0.001033923 0.084398195 3.208154440 -0.000809452 0.999996066 -0.002693838 -0.879278839 -0.084400646 0.002615909 0.996428490 75.742736816
0.996262908 0.000124160 0.086372592 3.350748062 0.000097786 0.999996722 -0.002565405 -0.896691501 -0.086372621 0.002564263 0.996259630 77.238922119
0.996103644 -0.000176609 0.088190228 3.486521959 0.000274279 0.999999344 -0.001095379 -0.922439098 -0.088189982 0.001115300 0.996103048 78.773597717
0.995900035 -0.001292888 0.090451695 3.620379686 0.001316314 0.999999106 -0.000199338 -0.940593302 -0.090451360 0.000317584 0.995900810 80.256042480
0.995738506 -0.001829911 0.092203461 3.755063772 0.001892885 0.999998033 -0.000595542 -0.961823404 -0.092202187 0.000767535 0.995739996 81.776176453
0.995606363 -0.002496565 0.093603894 3.903687239 0.002688672 0.999994516 -0.001926283 -0.979195654 -0.093598574 0.002169490 0.995607674 83.268318176
0.995527685 -0.002308958 0.094441950 4.053717136 0.002481610 0.999995470 -0.001710723 -1.002228975 -0.094437569 0.001937440 0.995528877 84.793891907
0.995411515 -0.002267882 0.095659800 4.208108425 0.002241588 0.999997437 0.000382326 -1.021998286 -0.095660426 -0.000166142 0.995414019 86.291648865
0.995287359 -0.002107434 0.096946381 4.351315498 0.001819523 0.999993682 0.003058112 -1.043848634 -0.096952215 -0.002867304 0.995284915 87.783470154
0.995172501 -0.003091561 0.098092742 4.502794266 0.002696592 0.999987721 0.004158802 -1.054877877 -0.098104395 -0.003874209 0.995168567 89.265113831
0.995083988 -0.003707410 0.098965183 4.661631584 0.003332980 0.999986649 0.003948512 -1.067359328 -0.098978505 -0.003599252 0.995083034 90.755462646
0.994938254 -0.003845939 0.100414529 4.809344769 0.003677249 0.999991477 0.001864976 -1.078153253 -0.100420848 -0.001486287 0.994943917 92.219352722
0.994847655 -0.003248651 0.101328917 4.956367493 0.003255336 0.999994695 0.000099374 -1.093306661 -0.101328701 0.000230998 0.994852960 93.715957642
0.994732380 -0.003266077 0.102453731 5.109442711 0.003438862 0.999992967 -0.001509880 -1.116346240 -0.102448076 0.001854251 0.994736612 95.189346313
0.994614363 -0.002430804 0.103616595 5.258043289 0.002821343 0.999989450 -0.003622687 -1.136587143 -0.103606693 0.003895514 0.994610727 96.646766663
0.994549453 -0.002170127 0.104243517 5.424270153 0.002708884 0.999983668 -0.005026962 -1.163831234 -0.104230911 0.005281946 0.994539082 98.126960754
0.994432926 -0.002869921 0.105332591 5.572776794 0.003483830 0.999978006 -0.005644768 -1.189899206 -0.105314068 0.005980304 0.994421005 99.582084656
0.994363964 -0.002788122 0.105983779 5.729794025 0.003310967 0.999983191 -0.004757626 -1.216288090 -0.105968736 0.005081721 0.994356453 101.058876038
0.994141102 -0.002217683 0.108067133 5.886978149 0.002589845 0.999991179 -0.003303577 -1.238826632 -0.108058847 0.003564099 0.994138122 102.511741638
0.993869066 -0.001932161 0.110546753 6.054327965 0.002225988 0.999994338 -0.002534595 -1.263982654 -0.110541224 0.002765132 0.993867695 103.973579407
0.993604064 -0.002276207 0.112897091 6.230367661 0.002561552 0.999993861 -0.002382483 -1.283643126 -0.112890974 0.002656437 0.993603826 105.420974731
0.993436158 -0.004331816 0.114305794 6.390174866 0.004614038 0.999986947 -0.002204551 -1.310500383 -0.114294752 0.002717492 0.993443191 106.847236633
0.993354619 -0.005354782 0.114969291 6.558393478 0.005625132 0.999982119 -0.002027194 -1.332913756 -0.114956386 0.002660440 0.993366957 108.246421814
0.993231714 -0.005987129 0.115995564 6.720877171 0.006255656 0.999978542 -0.001951070 -1.353325605 -0.115981393 0.002663493 0.993247807 109.654411316
0.993107378 -0.004743052 0.117111854 6.882292271 0.004989310 0.999985933 -0.001809688 -1.374209642 -0.117101617 0.002381522 0.993117094 111.030410767
0.992988706 -0.003797253 0.118148364 7.049327374 0.004079949 0.999989390 -0.002150944 -1.398904085 -0.118138939 0.002617903 0.992993653 112.411033630
0.992837965 -0.003056300 0.119429655 7.215582848 0.003370567 0.999991357 -0.002429489 -1.421220183 -0.119421199 0.002814634 0.992839694 113.753448486
0.992599607 -0.002445198 0.121408656 7.379435539 0.002671305 0.999994993 -0.001699636 -1.453055739 -0.121403895 0.002011378 0.992601156 115.103179932
0.992374361 -0.002415657 0.123236775 7.546781540 0.002459971 0.999996960 -0.000207426 -1.477040529 -0.123235904 0.000509003 0.992377281 116.403434753
0.992129385 -0.003881723 0.125156820 7.715919018 0.003637124 0.999991000 0.002182784 -1.497145057 -0.125164166 -0.001710393 0.992134571 117.729454041
0.991926968 -0.005831417 0.126676306 7.878813744 0.005512858 0.999980688 0.002865190 -1.520617723 -0.126690567 -0.002143711 0.991939962 119.009719849
0.991727829 -0.006979597 0.128168598 8.046205521 0.006855316 0.999975502 0.001410792 -1.546180964 -0.128175303 -0.000520486 0.991751373 120.253089905
0.991568506 -0.006925788 0.129398197 8.213414192 0.007036876 0.999975145 -0.000401314 -1.568132877 -0.129392207 0.001308489 0.991592646 121.495948792
0.991377532 -0.006967639 0.130851015 8.384536743 0.007234717 0.999972582 -0.001565813 -1.590237379 -0.130836532 0.002498982 0.991400778 122.713790894
0.991123617 -0.005467535 0.132831007 8.538340569 0.005787380 0.999981225 -0.002021942 -1.614187956 -0.132817447 0.002772738 0.991136611 123.907485962
0.990916789 -0.004981085 0.134384349 8.701047897 0.005389284 0.999981880 -0.002673953 -1.638967991 -0.134368584 0.003373900 0.990925670 125.084526062
0.990743995 -0.005579219 0.135628819 8.868536949 0.006018245 0.999977887 -0.002827158 -1.664260745 -0.135610059 0.003617237 0.990755677 126.259513855
0.990581930 -0.005220007 0.136821777 9.033572197 0.005663948 0.999979854 -0.002855560 -1.687226892 -0.136804119 0.003603617 0.990591586 127.409523010
0.990372837 -0.006200723 0.138286635 9.194254875 0.006714906 0.999972165 -0.003252011 -1.708861828 -0.138262615 0.004149286 0.990386903 128.549362183
0.990185082 -0.006394788 0.139615834 9.348881721 0.006902748 0.999971211 -0.003154334 -1.730529785 -0.139591649 0.004087108 0.990200698 129.675216675
0.990073383 -0.005967218 0.140424728 9.511919022 0.006425580 0.999975383 -0.002810932 -1.749239683 -0.140404508 0.003685340 0.990087390 130.798828125
0.989925802 -0.006368579 0.141443878 9.677350998 0.006625853 0.999977112 -0.001348024 -1.773213863 -0.141432062 0.002271630 0.989945352 131.905654907
0.989777982 -0.005805844 0.142498478 9.838417053 0.005959760 0.999981999 -0.000653335 -1.787474275 -0.142492130 0.001495913 0.989794791 133.006408691
0.989615381 -0.004894922 0.143657565 9.995021820 0.005033968 0.999987125 -0.000604444 -1.800603271 -0.143652752 0.001321335 0.989627302 134.088195801
0.989493251 -0.004809165 0.144499123 10.155286789 0.004979376 0.999987245 -0.000816302 -1.823101282 -0.144493356 0.001527241 0.989504576 135.177825928
0.989364624 -0.005694297 0.145345151 10.313855171 0.006040699 0.999979854 -0.001942080 -1.840092182 -0.145331159 0.002799411 0.989379108 136.240341187
0.989192784 -0.005396876 0.146521419 10.478122711 0.005913315 0.999977767 -0.003089325 -1.857860446 -0.146501482 0.003922366 0.989202678 137.331970215
0.989060581 -0.006392394 0.147371456 10.642495155 0.007007873 0.999968767 -0.003657538 -1.878191352 -0.147343472 0.004650287 0.989074469 138.395874023
0.988942206 -0.006437622 0.148161769 10.806669235 0.007008367 0.999969900 -0.003330423 -1.898658514 -0.148135871 0.004331968 0.988957524 139.455062866
0.988823116 -0.007210298 0.148918837 10.971517563 0.007846718 0.999962389 -0.003686498 -1.912764788 -0.148886651 0.004813818 0.988842547 140.515075684
0.988684177 -0.007588964 0.149819896 11.131471634 0.008286553 0.999957561 -0.004032452 -1.931640148 -0.149782926 0.005228311 0.988705099 141.556213379
0.988520682 -0.007090741 0.150919229 11.288538933 0.007958132 0.999955118 -0.005144180 -1.947360158 -0.150875971 0.006286163 0.988532722 142.594512939
0.988428891 -0.006919371 0.151526883 11.458108902 0.007862747 0.999953270 -0.005627510 -1.969641209 -0.151480868 0.006753811 0.988437116 143.659576416
0.988351285 -0.007228578 0.152018070 11.625739098 0.008191953 0.999950111 -0.005711888 -1.985744476 -0.151969194 0.006890677 0.988361239 144.691040039
0.988266826 -0.007499104 0.152552962 11.785442352 0.008487399 0.999947011 -0.005828197 -2.013979673 -0.152501166 0.007054591 0.988278091 145.735244751
0.988179743 -0.006231608 0.153172910 11.942437172 0.007318707 0.999951839 -0.006534378 -2.034833908 -0.153124824 0.007578168 0.988177776 146.756805420
0.988097012 -0.006080563 0.153711841 12.101572037 0.007247008 0.999949038 -0.007029350 -2.057798624 -0.153661266 0.008059630 0.988090694 147.774337769
0.988011241 -0.005729316 0.154275686 12.254379272 0.006674963 0.999961972 -0.005612291 -2.080515146 -0.154237673 0.006574791 0.988011897 148.773986816
0.987864792 -0.005618262 0.155214652 12.411602974 0.006255587 0.999973893 -0.003617954 -2.101360798 -0.155190274 0.004545008 0.987874150 149.777725220
0.987732887 -0.005777853 0.156045929 12.575809479 0.006216987 0.999977946 -0.002326218 -2.119969845 -0.156029046 0.003267818 0.987747073 150.763336182
0.987503171 -0.007156626 0.157436416 12.728833199 0.007419293 0.999971867 -0.001080757 -2.142086744 -0.157424256 0.002235318 0.987528563 151.743865967
0.987327754 -0.008227708 0.158480957 12.890404701 0.008412780 0.999964476 -0.000496944 -2.157991171 -0.158471242 0.001823912 0.987361908 152.689193726
0.987123430 -0.009221331 0.159694389 13.048170090 0.009322180 0.999956548 0.000117649 -2.177662134 -0.159688532 0.001372565 0.987166524 153.648986816
0.986922443 -0.009797808 0.160897925 13.196668625 0.010004781 0.999949813 -0.000476246 -2.191597700 -0.160885200 0.002079767 0.986970961 154.564193726
0.986739457 -0.010776750 0.161953956 13.355105400 0.010963048 0.999939859 -0.000256679 -2.213737965 -0.161941454 0.002028784 0.986798286 155.492584229
0.986602485 -0.012271856 0.162680358 13.510585785 0.012460448 0.999922335 -0.000138958 -2.225209713 -0.162666023 0.002164167 0.986678839 156.383911133
0.986475885 -0.012518467 0.163427696 13.657514572 0.012627702 0.999920189 0.000370463 -2.243680716 -0.163419291 0.001698263 0.986555219 157.255264282
0.986347139 -0.012503066 0.164204270 13.800769806 0.012554226 0.999920905 0.000726245 -2.263399363 -0.164200366 0.001345127 0.986426115 158.109619141
0.986236572 -0.011865872 0.164914131 13.938982964 0.011932623 0.999928653 0.000585979 -2.276350737 -0.164909303 0.001389944 0.986307740 158.940750122
0.986126959 -0.011774784 0.165574700 14.075108528 0.011971761 0.999928296 -0.000191674 -2.288446188 -0.165560573 0.002171236 0.986197233 159.740875244
0.986002743 -0.011069754 0.166361123 14.209215164 0.011288314 0.999936223 -0.000368237 -2.301143169 -0.166346431 0.002241019 0.986064851 160.523391724
0.985865891 -0.010181308 0.167226925 14.335605621 0.010428892 0.999945462 -0.000602393 -2.316707134 -0.167211667 0.002337870 0.985918224 161.289489746
0.985735655 -0.009702877 0.168020979 14.464757919 0.009971571 0.999949992 -0.000755507 -2.329849958 -0.168005243 0.002420163 0.985783160 162.030670166
0.985626578 -0.009734244 0.168657869 14.593787193 0.010042764 0.999949098 -0.000976339 -2.347572088 -0.168639779 0.002656096 0.985674143 162.764266968
0.985491395 -0.009596040 0.169453949 14.715725899 0.009849350 0.999951303 -0.000654316 -2.361639261 -0.169439420 0.002313834 0.985537887 163.467742920
0.985337377 -0.009682962 0.170342341 14.836135864 0.009873415 0.999951243 -0.000270958 -2.376538992 -0.170331404 0.001948845 0.985384881 164.149551392
0.985173643 -0.009004568 0.171323717 14.953454971 0.009171132 0.999957919 -0.000180760 -2.387187719 -0.171314880 0.001749312 0.985214770 164.805709839
0.984892368 -0.009443899 0.172909811 15.067466736 0.009532507 0.999954522 0.000317947 -2.397672892 -0.172904938 0.001335121 0.984937608 165.441390991
0.984661579 -0.009984543 0.174189299 15.179642677 0.010039919 0.999949455 0.000563266 -2.408994675 -0.174186125 0.001194220 0.984712005 166.057373047
0.984412849 -0.009257995 0.175629184 15.280176163 0.009379688 0.999956012 0.000137233 -2.418306351 -0.175622717 0.001512253 0.984456360 166.647171021
0.984259188 -0.008098053 0.176545262 15.388886452 0.008356960 0.999964833 -0.000723026 -2.433897257 -0.176533207 0.002187026 0.984292269 167.237243652
0.984026909 -0.008506555 0.177816451 15.494824409 0.008979751 0.999957979 -0.001856516 -2.443785906 -0.177793190 0.003423609 0.984061897 167.818832397
0.983851790 -0.008840694 0.178766742 15.605122566 0.009618950 0.999947667 -0.003487168 -2.452988386 -0.178726554 0.005150404 0.983885288 168.397186279
0.983657002 -0.009105167 0.179822162 15.710869789 0.010033879 0.999940574 -0.004255697 -2.467716932 -0.179772735 0.005990460 0.983689904 168.967376709
0.983401895 -0.008847469 0.181224763 15.821048737 0.009823293 0.999941707 -0.004487758 -2.475958109 -0.181174487 0.006193493 0.983431458 169.539840698
0.983170867 -0.008050887 0.182511061 15.925038338 0.009150743 0.999944687 -0.005184904 -2.485144854 -0.182459235 0.006767759 0.983190119 170.104660034
0.983015597 -0.007217446 0.183380112 16.034799576 0.008426971 0.999947548 -0.005817294 -2.492431164 -0.183328509 0.007263829 0.983024895 170.673553467
0.982813478 -0.007507404 0.184448689 16.142097473 0.008672620 0.999947190 -0.005511347 -2.502525568 -0.184397578 0.007016280 0.982826710 171.238250732
0.982617021 -0.007269989 0.185502008 16.248966217 0.008489681 0.999947250 -0.005781609 -2.512364149 -0.185450196 0.007255960 0.982626855 171.793365479
0.982428849 -0.007058094 0.186503872 16.354835510 0.008352517 0.999946177 -0.006155584 -2.527490377 -0.186450377 0.007605201 0.982434928 172.346939087
0.982268751 -0.006355308 0.187370539 16.461530685 0.007669837 0.999950767 -0.006291521 -2.538093328 -0.187321335 0.007617066 0.982269168 172.902282715
0.982104957 -0.006373703 0.188226581 16.570714951 0.007725846 0.999949336 -0.006450794 -2.551807880 -0.188175932 0.007789567 0.982104421 173.454330444
0.981925726 -0.006682761 0.189148575 16.678371429 0.008200764 0.999940157 -0.007243934 -2.558183193 -0.189088836 0.008664168 0.981921792 174.004226685
0.981789529 -0.007006602 0.189842567 16.790676117 0.008650279 0.999931931 -0.007830849 -2.569010496 -0.189774767 0.009330437 0.981783330 174.553482056
0.981599391 -0.006738261 0.190832987 16.894767761 0.008378858 0.999934554 -0.007791430 -2.582787275 -0.190768003 0.009247025 0.981591582 175.094741821
0.981454670 -0.006376253 0.191588342 17.007596970 0.008006956 0.999938011 -0.007738502 -2.594875813 -0.191527113 0.009129028 0.981444895 175.642074585
0.981308103 -0.006356814 0.192338154 17.111829758 0.007905635 0.999942183 -0.007286216 -2.606950998 -0.192280725 0.008670578 0.981301665 176.172927856
0.981210709 -0.007195211 0.192805141 17.219800949 0.008730981 0.999936581 -0.007116916 -2.618508577 -0.192741707 0.008666572 0.981211245 176.703826904
0.981106043 -0.008261159 0.193294421 17.331605911 0.009868790 0.999924242 -0.007355598 -2.628959894 -0.193219021 0.009124204 0.981113195 177.235580444
0.981035411 -0.008728262 0.193632051 17.442869186 0.010399722 0.999916911 -0.007617323 -2.637462139 -0.193549484 0.009486582 0.981044650 177.770507812
0.980959356 -0.008559774 0.194024548 17.548204422 0.010196270 0.999920368 -0.007437383 -2.652144909 -0.193945423 0.009274096 0.980968475 178.294342041
0.980857849 -0.008394075 0.194544122 17.650068283 0.010037847 0.999921739 -0.007465057 -2.663497210 -0.194466248 0.009274963 0.980865359 178.810775757
0.980852723 -0.008481582 0.194566116 17.759359360 0.010232525 0.999915659 -0.007995914 -2.668991804 -0.194481894 0.009833717 0.980856836 179.337753296
0.980748832 -0.009414383 0.195046350 17.859214783 0.011103609 0.999909699 -0.007569062 -2.681730032 -0.194957480 0.009589068 0.980764806 179.846527100
0.980724275 -0.009249333 0.195177764 17.965848923 0.010809442 0.999917567 -0.006929637 -2.692319632 -0.195097581 0.008905826 0.980743408 180.358856201
0.980636001 -0.010082045 0.195579678 18.068328857 0.011678030 0.999907255 -0.007008838 -2.703131676 -0.195490867 0.009157103 0.980662763 180.864181519
0.980531394 -0.009399550 0.196137398 18.164958954 0.011116523 0.999908924 -0.007654869 -2.709801435 -0.196047574 0.009686205 0.980546534 181.368469238
0.980530560 -0.009898950 0.196116775 18.278867722 0.011618407 0.999903500 -0.007618976 -2.726094007 -0.196022421 0.009749204 0.980550945 181.888168335
0.980571091 -0.010011442 0.195908368 18.382509232 0.011835428 0.999896824 -0.008141914 -2.733642817 -0.195806652 0.010302385 0.980588436 182.390136719
0.980728149 -0.009573814 0.195142716 18.489183426 0.011576502 0.999891341 -0.009124737 -2.745497465 -0.195034146 0.011207956 0.980732441 182.898193359
0.980807304 -0.010179888 0.194713503 18.589580536 0.012333184 0.999875426 -0.009849641 -2.756219387 -0.194588989 0.012062037 0.980810702 183.403701782
0.980890274 -0.009924232 0.194308385 18.696233749 0.012108813 0.999876082 -0.010058315 -2.765811443 -0.194184497 0.012218948 0.980888903 183.909484863
0.980985165 -0.009322358 0.193858743 18.793384552 0.011545034 0.999879897 -0.010338808 -2.782117605 -0.193739086 0.012380323 0.980974972 184.422866821
0.981019139 -0.008494934 0.193724707 18.889633179 0.010800379 0.999882817 -0.010847564 -2.798503160 -0.193609864 0.012733968 0.980995953 184.927246094
0.980989754 -0.008642461 0.193867072 18.995737076 0.011139009 0.999868453 -0.011791222 -2.809077263 -0.193739653 0.013726555 0.980956972 185.435638428
0.980994105 -0.008539215 0.193849638 19.097160339 0.011165609 0.999860048 -0.012460052 -2.819737911 -0.193716109 0.014387687 0.980952144 185.937377930
0.980941117 -0.008639855 0.194113106 19.195440292 0.011260341 0.999859691 -0.012400439 -2.828451157 -0.193978727 0.014349880 0.980900764 186.447372437
0.980908215 -0.009150015 0.194255933 19.297437668 0.011761248 0.999855280 -0.012293133 -2.844783306 -0.194115341 0.014343128 0.980873823 186.955749512
0.980921268 -0.008686658 0.194211274 19.407133102 0.011427309 0.999850273 -0.012995815 -2.855380297 -0.194069296 0.014967184 0.980873644 187.474349976
0.980897009 -0.008894275 0.194324389 19.507980347 0.011703134 0.999842882 -0.013311202 -2.869718075 -0.194175467 0.015331122 0.980847001 187.987136841
0.980902851 -0.008493297 0.194312841 19.614665985 0.011288281 0.999848068 -0.013281161 -2.880793810 -0.194170520 0.015220987 0.980849683 188.512832642
0.980877578 -0.008722812 0.194430083 19.724269867 0.011521402 0.999845624 -0.013267597 -2.894608021 -0.194284335 0.015253996 0.980826676 189.042694092
0.980884612 -0.008675448 0.194396928 19.834295273 0.011499505 0.999844015 -0.013403466 -2.908055782 -0.194250330 0.015382722 0.980831385 189.576797485
0.980834424 -0.008231918 0.194669187 19.935953140 0.010909331 0.999860048 -0.012685530 -2.918630123 -0.194537520 0.014566114 0.980786920 190.105636597
0.980855703 -0.008260330 0.194560543 20.047065735 0.010783785 0.999870896 -0.011914410 -2.932608366 -0.194436997 0.013784415 0.980818152 190.637268066
0.980821073 -0.008828995 0.194710121 20.153362274 0.011190071 0.999876559 -0.011029487 -2.949124098 -0.194588706 0.012996773 0.980798841 191.169921875
0.980749488 -0.009041505 0.195060864 20.258035660 0.011272780 0.999883056 -0.010331771 -2.961091042 -0.194944650 0.012331758 0.980736732 191.692016602
0.980757594 -0.008662160 0.195037156 20.366136551 0.010890195 0.999887109 -0.010354229 -2.974354506 -0.194925457 0.012278982 0.980741203 192.219696045
0.980759740 -0.008316363 0.195041448 20.473871231 0.010456844 0.999895871 -0.009947396 -2.988071203 -0.194938406 0.011795524 0.980744541 192.737335205
0.980696380 -0.007657263 0.195386723 20.582633972 0.009724711 0.999906421 -0.009624206 -3.001081228 -0.195294738 0.011338503 0.980679035 193.260711670
0.980530858 -0.007181853 0.196233585 20.688137054 0.009252835 0.999910712 -0.009638916 -3.013902664 -0.196146846 0.011266972 0.980509818 193.780212402
0.980258286 -0.006640573 0.197609827 20.795150757 0.008874165 0.999906361 -0.010419640 -3.025924683 -0.197522134 0.011967560 0.980225384 194.308349609
0.980028510 -0.006261070 0.198758349 20.897880554 0.008563392 0.999905825 -0.010726032 -3.038173676 -0.198672473 0.012213863 0.979989827 194.820877075
0.979839563 -0.006762994 0.199671522 21.010547638 0.009203465 0.999893844 -0.011296771 -3.052987814 -0.199573919 0.012906692 0.979797781 195.342391968
0.979535162 -0.005567519 0.201196089 21.111768723 0.008393067 0.999877751 -0.013193424 -3.061188698 -0.201098025 0.014612075 0.979462147 195.846969604
0.979363263 -0.004359655 0.202060968 21.220378876 0.007543160 0.999859214 -0.014987814 -3.076815128 -0.201967195 0.016202692 0.979258239 196.359893799
0.979089916 -0.003400116 0.203399688 21.315452576 0.006791627 0.999849260 -0.015978441 -3.085618258 -0.203314692 0.017025745 0.978965402 196.851531982
0.978834569 -0.003366677 0.204625279 21.423019409 0.006664149 0.999858797 -0.015427700 -3.102940321 -0.204544440 0.016464820 0.978718817 197.358245850
0.978577137 -0.004525118 0.205830842 21.531202316 0.007616811 0.999869704 -0.014230658 -3.115223408 -0.205739632 0.015493572 0.978484094 197.855987549
0.978383958 -0.005846945 0.206714004 21.639925003 0.008605309 0.999885499 -0.012447250 -3.126714230 -0.206617564 0.013957027 0.978322208 198.350769043
0.978160143 -0.007451803 0.207719103 21.756402969 0.009799490 0.999899209 -0.010275505 -3.142505407 -0.207621589 0.012086630 0.978134573 198.854812622
0.977871418 -0.008191120 0.209046334 21.859037399 0.010152062 0.999913931 -0.008309151 -3.153495550 -0.208960280 0.010247532 0.977870464 199.336685181
0.977691412 -0.007914414 0.209897414 21.971355438 0.009659859 0.999926746 -0.007291785 -3.168761730 -0.209824339 0.009156695 0.977696240 199.826736450
0.977569163 -0.007526293 0.210480228 22.078311920 0.009285390 0.999929726 -0.007370513 -3.179296494 -0.210409954 0.009159577 0.977570355 200.302352905
0.977341354 -0.007554262 0.211534515 22.180444717 0.009422700 0.999924958 -0.007826143 -3.188665867 -0.211459517 0.009642038 0.977339208 200.767593384
0.977142274 -0.009554794 0.212371543 22.285417557 0.011352378 0.999909282 -0.007246552 -3.202859163 -0.212283030 0.009491835 0.977162123 201.224807739
0.976979554 -0.010501670 0.213074237 22.390945435 0.012327458 0.999897778 -0.007241978 -3.206693172 -0.212976411 0.009701928 0.977009177 201.684997559
0.976850271 -0.010646085 0.213659003 22.489912033 0.012436342 0.999897897 -0.007036663 -3.213645458 -0.213562280 0.009530902 0.976882935 202.126144409
0.976664960 -0.011458326 0.214462802 22.598171234 0.013076697 0.999895692 -0.006128898 -3.227308273 -0.214370206 0.008790345 0.976712942 202.584243774
0.976455450 -0.011253056 0.215425506 22.689914703 0.012690614 0.999905467 -0.005291048 -3.234787226 -0.215345591 0.007900354 0.976505935 203.004074097
0.976240695 -0.010915004 0.216413856 22.775716782 0.012303778 0.999911427 -0.005070892 -3.245687723 -0.216339350 0.007613119 0.976288557 203.418182373
0.976191521 -0.010940636 0.216634348 22.875385284 0.012416121 0.999908030 -0.005451038 -3.258057594 -0.216554791 0.008011014 0.976237595 203.835159302
0.976064265 -0.011259167 0.217190579 22.966901779 0.012882758 0.999898672 -0.006060916 -3.260841370 -0.217100322 0.008713858 0.976110399 204.235855103
0.975922227 -0.010673350 0.217857450 23.059364319 0.012389432 0.999902010 -0.006512600 -3.267293453 -0.217766598 0.009054922 0.975958884 204.634033203
0.975749493 -0.011665180 0.218579307 23.150730133 0.013538044 0.999883354 -0.007072579 -3.285411596 -0.218471304 0.009860201 0.975793540 205.019653320
0.975595593 -0.012004117 0.219246835 23.241710663 0.014052638 0.999870956 -0.007786308 -3.289646387 -0.219125077 0.010677285 0.975638330 205.411422729
0.975400805 -0.012422341 0.220088422 23.330638885 0.014444207 0.999866962 -0.007579696 -3.298094988 -0.219964981 0.010572244 0.975450456 205.794967651
0.975220859 -0.012699496 0.220868662 23.418134689 0.014684073 0.999865174 -0.007345682 -3.307360172 -0.220745608 0.010406913 0.975275874 206.172271729
0.975096107 -0.013249004 0.221386567 23.515417099 0.015258634 0.999856412 -0.007369613 -3.310625792 -0.221257150 0.010564138 0.975158274 206.562423706
0.974943519 -0.013567095 0.222038507 23.603530884 0.015463612 0.999857247 -0.006805083 -3.320234776 -0.221914500 0.010068088 0.975014150 206.937026978
0.974709988 -0.012684212 0.223113239 23.680030823 0.014514212 0.999873102 -0.006564132 -3.325798750 -0.223001674 0.009636438 0.974770427 207.294982910
0.974559903 -0.012613251 0.223771989 23.776557922 0.014457176 0.999873698 -0.006603716 -3.334384441 -0.223660424 0.009670828 0.974619150 207.675933838
0.974360287 -0.013210269 0.224605143 23.858684540 0.015034293 0.999866426 -0.006412649 -3.341660261 -0.224490434 0.009625010 0.974428773 208.032302856
0.974112391 -0.013905853 0.225636140 23.948255539 0.015827883 0.999852180 -0.006711424 -3.348139286 -0.225509465 0.010109024 0.974188507 208.401412964
0.973939061 -0.013633353 0.226399720 24.034109116 0.016065456 0.999831319 -0.008903380 -3.354745388 -0.226240143 0.012308564 0.973993778 208.767288208
0.973753750 -0.013141996 0.227224454 24.129972458 0.016046053 0.999811411 -0.010938022 -3.360048294 -0.227037847 0.014296995 0.973780990 209.153884888
0.973551095 -0.012874288 0.228106454 24.225879669 0.016047303 0.999798477 -0.012060927 -3.367502689 -0.227905214 0.015402421 0.973561466 209.539794922
0.973327041 -0.011847684 0.229115903 24.317989349 0.015089772 0.999809206 -0.012403592 -3.373040438 -0.228925228 0.015530057 0.973320127 209.942977905
0.973106444 -0.012683058 0.230006590 24.421808243 0.015854063 0.999803007 -0.011943703 -3.381266594 -0.229809791 0.015269033 0.973115802 210.362686157
0.972887576 -0.013299460 0.230895832 24.522760391 0.016543485 0.999789715 -0.012119268 -3.391680002 -0.230686098 0.015610507 0.972903013 210.794815063
0.972650468 -0.013294603 0.231892899 24.634168625 0.016695034 0.999779880 -0.012707399 -3.398425102 -0.231672913 0.016231317 0.972658336 211.240707397
0.972503364 -0.012374733 0.232559934 24.750717163 0.015856195 0.999788404 -0.013106680 -3.408383369 -0.232348531 0.016433807 0.972493768 211.702590942
0.972342193 -0.011590849 0.233272925 24.863788605 0.015259242 0.999786556 -0.013927161 -3.416975498 -0.233061716 0.017101534 0.972311556 212.169876099
0.972066581 -0.011401091 0.234428123 24.975009918 0.015226453 0.999778748 -0.014514292 -3.426888466 -0.234210774 0.017678367 0.972025096 212.650405884
0.971869111 -0.012389869 0.235195428 25.100568771 0.016256753 0.999762595 -0.014509243 -3.432701349 -0.234959826 0.017924599 0.971839786 213.143508911
0.971734762 -0.013473253 0.235690579 25.228351593 0.017304210 0.999749541 -0.014193289 -3.444832087 -0.235440314 0.017870551 0.971724510 213.646362305
0.971582115 -0.014705825 0.236245424 25.359226227 0.018594835 0.999725640 -0.014242050 -3.453161716 -0.235971168 0.018230267 0.971589029 214.161666870
0.971465886 -0.014249455 0.236750901 25.484405518 0.018113174 0.999735773 -0.014152599 -3.465315104 -0.236486673 0.018037077 0.971467316 214.683685303
0.971354246 -0.014055915 0.237220079 25.616699219 0.017747059 0.999752283 -0.013431616 -3.481637478 -0.236972511 0.017256817 0.971363068 215.220382690
0.971298754 -0.012895408 0.237513125 25.747949600 0.016548876 0.999773324 -0.013394699 -3.489807129 -0.237286568 0.016940830 0.971291959 215.760543823
0.971179128 -0.013535934 0.237966135 25.881263733 0.017134916 0.999767840 -0.013061865 -3.500669956 -0.237734094 0.016762940 0.971185625 216.305252075
0.971187472 -0.015333199 0.237822965 26.032541275 0.018970536 0.999735355 -0.013013066 -3.517363548 -0.237560496 0.017149756 0.971221328 216.863571167
0.971084714 -0.015041204 0.238260761 26.172176361 0.018740512 0.999736309 -0.013268604 -3.525057316 -0.237998351 0.017350068 0.971110582 217.420455933
0.971020579 -0.014297247 0.238567933 26.312568665 0.017959792 0.999751747 -0.013185466 -3.534027815 -0.238320202 0.017087989 0.971036315 217.977203369
0.970914066 -0.013589855 0.239042327 26.448013306 0.017130755 0.999772072 -0.012741394 -3.547615528 -0.238814697 0.016465774 0.970925570 218.535675049
0.970859826 -0.014568292 0.239204898 26.588607788 0.018051427 0.999760449 -0.012376854 -3.562072992 -0.238967285 0.016334180 0.970890224 219.105514526
0.970775962 -0.014733499 0.239534914 26.728336334 0.018316196 0.999751091 -0.012737560 -3.570671082 -0.239287630 0.016752684 0.970804214 219.675033569
0.970788956 -0.014740795 0.239481807 26.879684448 0.018439189 0.999742687 -0.013210015 -3.583487034 -0.239225462 0.017239988 0.970811009 220.273635864
0.970717967 -0.013682217 0.239832103 27.022830963 0.017460411 0.999754548 -0.013635688 -3.592187166 -0.239586681 0.017423974 0.970718622 220.861267090
0.970721781 -0.013860517 0.239806354 27.177179337 0.017666994 0.999749660 -0.013730615 -3.609506130 -0.239556015 0.017565265 0.970723629 221.460006714
0.970626771 -0.013885419 0.240189239 27.331251144 0.017953916 0.999729872 -0.014758702 -3.622759342 -0.239919439 0.018637529 0.970613897 222.067016602
0.970399141 -0.014119697 0.241093591 27.486742020 0.018393150 0.999710917 -0.015483951 -3.638708591 -0.240805268 0.019460084 0.970378339 222.687194824
0.970208585 -0.013253655 0.241908431 27.646354675 0.017616006 0.999718726 -0.015879033 -3.654611826 -0.241629928 0.019667434 0.970169127 223.323608398
0.970017433 -0.012648233 0.242706046 27.812541962 0.017174287 0.999715686 -0.016541490 -3.668627024 -0.242427826 0.020213837 0.969958842 223.969467163
0.969830751 -0.013057805 0.243429258 27.980382919 0.017706210 0.999700129 -0.016917188 -3.685102463 -0.243135348 0.020717019 0.969771087 224.626785278
0.969562948 -0.013473945 0.244471163 28.152072906 0.018106369 0.999696374 -0.016711218 -3.704048157 -0.244171783 0.020629063 0.969512582 225.298599243
0.969343603 -0.013207099 0.245354012 28.323875427 0.017589808 0.999722302 -0.015679933 -3.718407393 -0.245078802 0.019514972 0.969306707 225.976089478
0.969082296 -0.013106199 0.246389359 28.499000549 0.017188219 0.999748230 -0.014423920 -3.733108044 -0.246138290 0.018212959 0.969063580 226.662490845
0.968848825 -0.013934754 0.247260481 28.686214447 0.017532159 0.999769986 -0.012353214 -3.746052027 -0.247031465 0.016303407 0.968870282 227.368530273
0.968547285 -0.015132749 0.248368993 28.867122650 0.018234944 0.999781728 -0.010194346 -3.764874935 -0.248160526 0.014402702 0.968611836 228.061355591
0.968333781 -0.016234778 0.249130681 29.054857254 0.018993719 0.999781966 -0.008674243 -3.780643940 -0.248935550 0.013131482 0.968431056 228.749557495
0.968082845 -0.015635723 0.250142276 29.234880447 0.018287385 0.999798477 -0.008279812 -3.795433044 -0.249962404 0.012589991 0.968173683 229.439880371
0.967847586 -0.015800001 0.251040608 29.417285919 0.018435672 0.999796808 -0.008150595 -3.810654402 -0.250860810 0.012516636 0.967942238 230.122146606
0.967591763 -0.016065339 0.252008110 29.597537994 0.018822942 0.999786377 -0.008535503 -3.820444822 -0.251817137 0.013002416 0.967687488 230.802734375
0.967425346 -0.015364421 0.252689838 29.779994965 0.018108726 0.999799550 -0.008538134 -3.837880850 -0.252508014 0.012835898 0.967509687 231.475708008
0.967103899 -0.014727413 0.253955007 29.953832626 0.017452592 0.999811709 -0.008481154 -3.850896120 -0.253782272 0.012634329 0.967178881 232.143417358
0.966942310 -0.014398661 0.254588395 30.139987946 0.017133392 0.999816835 -0.008527405 -3.863718510 -0.254418999 0.012607471 0.967011929 232.829513550
0.966682017 -0.015492941 0.255510926 30.316717148 0.018156063 0.999802649 -0.008067195 -3.879657507 -0.255335510 0.012437486 0.966772497 233.491577148
0.966433167 -0.015711004 0.256437212 30.495994568 0.018238159 0.999805689 -0.007479454 -3.893705845 -0.256269902 0.011905334 0.966531932 234.151077271
0.966226935 -0.016614191 0.257156581 30.685657501 0.018874628 0.999801874 -0.006324063 -3.909671545 -0.257000566 0.010964215 0.966349065 234.821014404
0.966062069 -0.015847037 0.257823527 30.865982056 0.018060360 0.999817550 -0.006218528 -3.918841362 -0.257677943 0.010663870 0.966171980 235.474807739
0.965866625 -0.016587501 0.258508265 31.046361923 0.018666824 0.999810100 -0.005590965 -3.939785480 -0.258366436 0.010225654 0.965992868 236.156433105
0.965646267 -0.018501436 0.259200573 31.227043152 0.020317860 0.999784172 -0.004330319 -3.949023962 -0.259064525 0.009447957 0.965813816 236.799148560
0.965571225 -0.020096723 0.259361386 31.414972305 0.022027157 0.999747097 -0.004538650 -3.958244085 -0.259204566 0.010095383 0.965769649 237.476791382
0.965439498 -0.020155158 0.259846717 31.590324402 0.022211157 0.999740899 -0.004978291 -3.975357056 -0.259679049 0.010577735 0.965637028 238.120727539
0.965307832 -0.019413883 0.260391891 31.764921188 0.021647578 0.999749362 -0.005712772 -3.986689091 -0.260215729 0.011151438 0.965486109 238.765060425
0.965310216 -0.018693065 0.260435671 31.939540863 0.021345418 0.999745071 -0.007359403 -4.002996445 -0.260231704 0.012663215 0.965463161 239.410720825
0.965256155 -0.019194240 0.260599554 32.117584229 0.022350216 0.999708295 -0.009152141 -4.013023853 -0.260347873 0.014658618 0.965403616 240.053558350
