1.000000000 0.000000000 0.000000000 0.000000000 0.000000000 1.000000000 0.000000000 0.000000000 0.000000000 0.000000000 1.000000000 0.000000000
1.000000000 -0.000179667 -0.000025208 0.001554171 0.000179663 1.000000000 -0.000147620 0.002597232 0.000025235 0.000147616 1.000000000 0.044533681
1.000000000 -0.000118745 0.000207585 -0.001137848 0.000118744 1.000000000 0.000005772 0.001510816 -0.000207585 -0.000005747 1.000000000 0.094151229
0.999999940 0.000048150 0.000317601 -0.000831209 -0.000048144 1.000000000 -0.000017870 0.001411762 -0.000317602 0.000017855 0.999999940 0.147345260
0.999999940 0.000109689 0.000340279 0.000774452 -0.000109635 1.000000000 -0.000156757 0.002085862 -0.000340296 0.000156720 0.999999940 0.201120108
0.999999821 0.000098293 0.000595446 -0.000822510 -0.000098218 1.000000000 -0.000125253 0.003046177 -0.000595458 0.000125194 0.999999821 0.262516290
0.999999762 0.000302473 0.000585982 0.004268069 -0.000302556 0.999999940 0.000142023 0.003397170 -0.000585939 -0.000142200 0.999999821 0.327228218
0.999999702 0.000456994 0.000643521 0.005480684 -0.000457234 0.999999821 0.000372418 0.003799552 -0.000643351 -0.000372712 0.999999702 0.401725739
0.999999642 0.000210684 0.000836413 0.005720180 -0.000211119 0.999999821 0.000520141 0.002351080 -0.000836303 -0.000520318 0.999999523 0.466595143
0.999999523 0.000053813 0.000998383 0.005146820 -0.000054650 0.999999642 0.000837835 0.001935852 -0.000998338 -0.000837890 0.999999166 0.541576922
0.999999642 -0.000417369 0.000730675 0.007117474 0.000416761 0.999999583 0.000832132 0.002637592 -0.000731022 -0.000831827 0.999999404 0.618288875
0.999999821 -0.000522845 0.000222903 0.005408279 0.000522742 0.999999762 0.000463868 0.001504614 -0.000223145 -0.000463751 0.999999881 0.699416935
0.999999225 -0.000019853 -0.001224706 0.005105024 0.000019264 0.999999881 -0.000480688 0.004130363 0.001224715 0.000480664 0.999999106 0.795171320
0.999993205 -0.000337102 -0.003677946 0.002495409 0.000333174 0.999999344 -0.001068668 0.002658159 0.003678303 0.001067436 0.999992669 0.892130613
0.999969184 -0.000671223 -0.007825453 -0.001241985 0.000658546 0.999998450 -0.001622512 0.004348971 0.007826530 0.001617308 0.999968052 1.001263738
0.999908030 -0.000601754 -0.013549455 -0.014580208 0.000577515 0.999998212 -0.001792758 0.002789208 0.013550509 0.001784768 0.999906600 1.119094253
0.999758840 -0.000823943 -0.021944370 -0.021675013 0.000782862 0.999997914 -0.001880562 0.006891524 0.021945875 0.001862929 0.999757409 1.252398133
0.999470830 -0.001234495 -0.032504454 -0.041502945 0.001179919 0.999997854 -0.001698187 0.004696621 0.032506481 0.001658935 0.999470174 1.394383311
0.998896360 -0.001762270 -0.046936002 -0.055697605 0.001685168 0.999997139 -0.001682231 0.005926073 0.046938833 0.001601280 0.998896480 1.545549870
0.997917712 -0.002224913 -0.064461283 -0.084442765 0.002164206 0.999997139 -0.001011562 0.000992778 0.064463347 0.000869948 0.997919679 1.712553144
0.996376872 -0.001855101 -0.085027680 -0.123652354 0.001813210 0.999998212 -0.000569895 0.001011677 0.085028581 0.000413657 0.996378422 1.885795832
0.993987024 -0.001201032 -0.109491348 -0.160072207 0.001192720 0.999999285 -0.000141407 0.000024509 0.109491438 0.000009964 0.993987739 2.052957773
0.990656435 -0.001180346 -0.136376232 -0.216711402 0.001165766 0.999999285 -0.000186776 0.002892034 0.136376366 0.000026048 0.990657091 2.247318506
0.986146748 -0.001366252 -0.165869653 -0.279338747 0.001297538 0.999999046 -0.000522629 0.006753558 0.165870205 0.000300166 0.986147523 2.452588320
0.980242610 -0.002281367 -0.197785780 -0.349658579 0.002182093 0.999997377 -0.000719875 0.006796161 0.197786897 0.000274065 0.980244994 2.666843891
0.972645581 -0.002906100 -0.232275873 -0.433238834 0.002791961 0.999995768 -0.000820142 0.009141289 0.232277274 0.000149203 0.972649574 2.893336773
0.963103056 -0.002994949 -0.269116163 -0.526735246 0.002932250 0.999995470 -0.000634954 0.008292230 0.269116849 -0.000177590 0.963107526 3.127903461
0.951474845 -0.000952069 -0.307725102 -0.632770181 0.001130317 0.999999285 0.000401008 0.008642918 0.307724506 -0.000729376 0.951475203 3.345268250
0.937335849 0.001296534 -0.348424762 -0.765059590 -0.000706459 0.999998093 0.001820601 0.019791262 0.348426461 -0.001460367 0.937335014 3.597254038
0.920728087 0.003996171 -0.390184402 -0.907743931 -0.002587765 0.999988079 0.004135213 0.024245648 0.390196294 -0.002797701 0.920727432 3.852928162
0.901552022 0.005989324 -0.432629257 -1.070933938 -0.003566314 0.999973059 0.006411829 0.026086340 0.432656020 -0.004237706 0.901549101 4.104590416
0.879244804 0.007813320 -0.476306111 -1.232657313 -0.004071367 0.999952197 0.008887601 0.019326825 0.476352811 -0.005875160 0.879234612 4.348926067
0.854136229 0.008766286 -0.519975483 -1.420665264 -0.002926646 0.999923110 0.012050297 0.024036769 0.520041108 -0.008770812 0.854096174 4.608058453
0.826763511 0.010246751 -0.562456310 -1.644175529 -0.000688734 0.999851763 0.017202780 0.039541252 0.562549233 -0.013835248 0.826647997 4.872188568
0.796683252 0.016065756 -0.604183495 -1.885671496 -0.003203855 0.999744892 0.022359433 0.043214981 0.604388535 -0.015877670 0.796531498 5.117468357
0.763306379 0.020585230 -0.645708621 -2.150396347 -0.004937128 0.999648929 0.026032580 0.059824996 0.646017790 -0.016682889 0.763140023 5.363967896
0.726884365 0.027462488 -0.686210632 -2.423605442 -0.007870781 0.999467671 0.031661890 0.064410456 0.686714828 -0.017613521 0.726713538 5.607239246
0.689632833 0.031666480 -0.723466516 -2.736899376 -0.007921919 0.999313593 0.036188997 0.086689547 0.724115908 -0.019225879 0.689410329 5.822498798
0.648357153 0.035074573 -0.760528028 -3.054461956 -0.005661705 0.999132752 0.041252065 0.105439737 0.761315346 -0.022440188 0.647993445 6.051544189
0.604589820 0.037462391 -0.795655608 -3.399871349 -0.002795045 0.998987019 0.044912133 0.123778924 0.796532154 -0.024929525 0.604082108 6.265569210
0.558393836 0.039310832 -0.828644156 -3.769472361 -0.000788021 0.998901308 0.046856809 0.149247438 0.829575717 -0.025511570 0.557811320 6.467888832
0.510881007 0.040216707 -0.858710229 -4.158771038 0.000754780 0.998883724 0.047230624 0.170749694 0.859651148 -0.024777370 0.510280371 6.650577545
0.461975455 0.040880986 -0.885950029 -4.553909302 0.002491060 0.998873353 0.047390640 0.183319807 0.886889219 -0.024100270 0.461353123 6.825056076
0.414134145 0.041273545 -0.909279764 -4.980352402 0.002589043 0.998913944 0.046521369 0.210893422 0.910212338 -0.021620255 0.413577497 6.974437237
0.367140234 0.040830553 -0.929269075 -5.428557396 0.003618994 0.998965859 0.045322724 0.245802179 0.930158615 -0.020002818 0.366612792 7.104523182
0.320926785 0.041099951 -0.946211815 -5.894803047 0.005837984 0.998953164 0.045370910 0.278845966 0.947086036 -0.020084713 0.320350885 7.222390652
0.274008036 0.040828235 -0.960860372 -6.367521286 0.009268733 0.998939931 0.045089446 0.312053144 0.961682737 -0.021260828 0.273339152 7.333917618
0.228727996 0.042980436 -0.972541153 -6.858880043 0.013438080 0.998790264 0.047300942 0.338716567 0.973397672 -0.023888139 0.227873743 7.410504818
0.184762359 0.047581427 -0.981630802 -7.365061760 0.014126689 0.998595536 0.051062666 0.366463304 0.982681811 -0.023301654 0.183830678 7.474622250
0.144605815 0.051133711 -0.988167286 -7.884555817 0.014221247 0.998453319 0.053747077 0.390766293 0.989387155 -0.021825111 0.143654943 7.514657974
0.108623147 0.052052528 -0.992719293 -8.425904274 0.014189041 0.998445213 0.053905327 0.425003439 0.993981719 -0.019941101 0.107715666 7.540717125
0.077400863 0.051940639 -0.995646238 -8.972036362 0.013212722 0.998500884 0.053116713 0.458747596 0.996912599 -0.017266478 0.076598525 7.550762177
0.049632013 0.051671777 -0.997430027 -9.531369209 0.012914276 0.998544157 0.052372102 0.492364705 0.998684049 -0.015480420 0.048892438 7.553092003
0.025699437 0.050631613 -0.998386800 -10.098140717 0.015033991 0.998584032 0.051028609 0.527650952 0.999556720 -0.016321147 0.024901807 7.545165062
0.004219949 0.051083215 -0.998685479 -10.682714462 0.019219780 0.998505771 0.051155232 0.556781232 0.999806345 -0.019410387 0.003231823 7.545804977
-0.014655113 0.051631641 -0.998558700 -11.278984070 0.020825040 0.998465061 0.051321167 0.591611147 0.999675751 -0.020042907 -0.015707850 7.520858765
-0.030617237 0.051012792 -0.998228550 -11.876425743 0.019798031 0.998531818 0.050421052 0.626465201 0.999335051 -0.018219206 -0.031582236 7.483864784
-0.044110060 0.050769217 -0.997735918 -12.481948853 0.017810391 0.998589158 0.050025236 0.660685539 0.998867989 -0.015563452 -0.044952035 7.440193176
-0.054645658 0.050802685 -0.997212589 -13.119810104 0.017164314 0.998605072 0.049933046 0.700188875 0.998358250 -0.014387844 -0.055441380 7.398365974
-0.062080622 0.051632222 -0.996734738 -13.749273300 0.017009463 0.998570681 0.050667912 0.738013804 0.997926176 -0.013808429 -0.062870026 7.348792076
-0.066200495 0.053587563 -0.996366441 -14.393623352 0.018316582 0.998453856 0.052482847 0.774681449 0.997638345 -0.014775647 -0.067079663 7.294147491
-0.069399834 0.056162871 -0.996006787 -15.103151321 0.019127941 0.998305321 0.054959688 0.827318668 0.997405589 -0.015237365 -0.070356488 7.266925812
-0.071535468 0.057682529 -0.995768905 -15.755595207 0.017816663 0.998241007 0.056545809 0.859195590 0.997279108 -0.013696259 -0.072437286 7.206275940
-0.073316455 0.056896675 -0.995684624 -16.423624039 0.017449556 0.998291671 0.055760778 0.900183797 0.997156262 -0.013286076 -0.074184060 7.153223038
-0.075817108 0.055586785 -0.995571256 -17.117403030 0.017709129 0.998362482 0.054394014 0.951593995 0.996964633 -0.013506707 -0.076677322 7.101591110
-0.078319192 0.054195233 -0.995454192 -17.812213898 0.017908201 0.998436630 0.052948650 0.992304564 0.996767521 -0.013679902 -0.079167247 7.051383972
-0.079115152 0.053706966 -0.995417833 -18.509075165 0.017676458 0.998466253 0.052466538 1.030476689 0.996708870 -0.013444567 -0.079943180 6.988229752
-0.078919291 0.055323638 -0.995344698 -19.215747833 0.016063184 0.998399794 0.054219827 1.071976900 0.996751606 -0.011709418 -0.079681635 6.922363281
-0.079016805 0.057664674 -0.995204091 -19.940607071 0.015179565 0.998279393 0.056637645 1.117646098 0.996757746 -0.010631445 -0.079756141 6.866981506
-0.078879714 0.058768693 -0.995150447 -20.679821014 0.014554058 0.998222291 0.057796493 1.161826968 0.996778011 -0.009924514 -0.079594851 6.808786392
-0.078306317 0.056445617 -0.995330155 -21.416524887 0.012951898 0.998369157 0.055598993 1.200860739 0.996845245 -0.008537664 -0.078909755 6.733327866
-0.078629971 0.052426875 -0.995524406 -22.165111542 0.013329490 0.998582244 0.051535100 1.251423597 0.996814787 -0.009217628 -0.079217315 6.681091309
-0.078124285 0.049275011 -0.995725095 -22.918704987 0.015566736 0.998716295 0.048201673 1.299282074 0.996822059 -0.011734470 -0.078791022 6.619337082
-0.077508450 0.049516380 -0.995761335 -23.715461731 0.015272534 0.998707652 0.048474111 1.347000360 0.996874750 -0.011450650 -0.078164458 6.544414520
-0.077377081 0.053406432 -0.995570421 -24.502857208 0.015341401 0.998509824 0.052371755 1.392941594 0.996883810 -0.011221069 -0.078081131 6.484989166
-0.077553988 0.057261374 -0.995342612 -25.292675018 0.016846614 0.998282015 0.056117855 1.437338471 0.996845961 -0.012416000 -0.078385353 6.420982361
-0.078243732 0.059229027 -0.995173335 -26.080520630 0.018800443 0.998143733 0.057927668 1.478744030 0.996757030 -0.014177222 -0.079212070 6.352005005
-0.078579545 0.058916688 -0.995165348 -26.908794403 0.023480318 0.998084545 0.057235479 1.536030293 0.996631324 -0.018869262 -0.079812407 6.293764114
-0.079245806 0.057203230 -0.995212555 -27.712348938 0.026409220 0.998122275 0.055267591 1.586385489 0.996505260 -0.021903066 -0.080607653 6.234228134
-0.080211639 0.053892829 -0.995320022 -28.532627106 0.027221153 0.998283327 0.051859573 1.635709763 0.996406257 -0.022934023 -0.081540942 6.166963577
-0.081053019 0.049763668 -0.995466709 -29.360206604 0.027161950 0.998492181 0.047703329 1.684787035 0.996339619 -0.023172321 -0.082282424 6.093362808
-0.081937075 0.046835702 -0.995536566 -30.184154510 0.029711451 0.998565972 0.044532847 1.731645584 0.996194661 -0.025929945 -0.083211064 6.025466919
-0.082397342 0.045728803 -0.995549917 -31.024412155 0.031921968 0.998555243 0.043224808 1.780222178 0.996088207 -0.028218299 -0.083738089 5.956954956
-0.083003283 0.046619669 -0.995458186 -31.884948730 0.031972393 0.998515487 0.044096924 1.819004655 0.996036232 -0.028166987 -0.084370613 5.879959106
-0.083729863 0.048634745 -0.995301127 -32.741603851 0.032064132 0.998422563 0.046089891 1.863552809 0.995972693 -0.028054375 -0.085157156 5.808807373
-0.084302187 0.050215796 -0.995174110 -33.602523804 0.033109136 0.998319030 0.047569782 1.909027219 0.995890021 -0.028939117 -0.085823178 5.726303101
-0.084069490 0.051857866 -0.995109677 -34.450283051 0.033143692 0.998237848 0.049220823 1.947841287 0.995908618 -0.028843639 -0.085640192 5.650260925
-0.083706021 0.052450866 -0.995109141 -35.316837311 0.035317183 0.998142540 0.049639959 1.995136857 0.995864451 -0.030989289 -0.085402966 5.574390411
-0.084669590 0.051560767 -0.995074272 -36.175106049 0.034593053 0.998210311 0.048779793 2.040701628 0.995808542 -0.030292494 -0.086301684 5.494327545
-0.084898472 0.051141474 -0.995076418 -37.040752411 0.035473634 0.998203933 0.048275664 2.084431171 0.995758116 -0.031200456 -0.086560130 5.419849396
-0.085430503 0.050632406 -0.995056868 -37.912750244 0.035080519 0.998241544 0.047782630 2.134410858 0.995726407 -0.030825021 -0.087056398 5.341484070
-0.085669994 0.050374154 -0.995049238 -38.787075043 0.036058214 0.998223484 0.047430370 2.178666592 0.995670795 -0.031816337 -0.087334156 5.261623383
-0.086300254 0.050135195 -0.995006979 -39.659870148 0.038427599 0.998157322 0.046960983 2.221588612 0.995527864 -0.034182981 -0.088067889 5.186527252
-0.086898923 0.047050651 -0.995105445 -40.553150177 0.042123254 0.998164296 0.043516811 2.263875008 0.995326221 -0.038135514 -0.088721275 5.104774475
-0.087913990 0.045761168 -0.995076418 -41.437583923 0.045476943 0.998087049 0.041881777 2.309046507 0.995089412 -0.041571036 -0.089826941 5.025466919
-0.088974237 0.046974186 -0.994925678 -42.337345123 0.045429971 0.998039126 0.043058474 2.358959436 0.994997382 -0.041368354 -0.090933800 4.939895630
-0.090162873 0.051839296 -0.994577110 -43.234272003 0.046227317 0.997785866 0.047815844 2.403545618 0.994853735 -0.041665420 -0.092359662 4.851852417
-0.091177940 0.055053003 -0.994311631 -44.157768250 0.047277689 0.997584164 0.050898850 2.449347973 0.994711697 -0.042367905 -0.093560457 4.768234253
-0.092478156 0.055187084 -0.994184315 -45.054466248 0.046603039 0.997608542 0.051042203 2.498088837 0.994623661 -0.041611727 -0.094828844 4.678905487
-0.093613148 0.054010455 -0.994142711 -45.987159729 0.045035291 0.997735083 0.049964901 2.549314499 0.994589686 -0.040094133 -0.095833540 4.583747864
-0.095090270 0.052907929 -0.994061649 -46.924789429 0.043828741 0.997840762 0.048916481 2.592205524 0.994503319 -0.038916983 -0.097203851 4.487545013
-0.096659064 0.053269435 -0.993891120 -47.853836060 0.042435046 0.997879386 0.049356256 2.647357225 0.994412601 -0.037405085 -0.098714590 4.391498566
-0.097757697 0.054618653 -0.993710518 -48.789569855 0.042313870 0.997818053 0.050681751 2.701368093 0.994310439 -0.037093211 -0.099855542 4.295906067
-0.099410892 0.056439850 -0.993444622 -49.715900421 0.039934423 0.997812033 0.052691869 2.743118286 0.994244874 -0.034434497 -0.101447225 4.196849823
-0.100776792 0.056240864 -0.993318141 -50.657287598 0.038559876 0.997871637 0.052586600 2.794733524 0.994161546 -0.033002719 -0.102730870 4.092666626
-0.102286696 0.054917734 -0.993237853 -51.587955475 0.037616495 0.997974336 0.051305760 2.852454424 0.994043469 -0.032114238 -0.104145288 3.988632202
-0.103429079 0.054992370 -0.993115544 -52.521907806 0.038947076 0.997928560 0.051202711 2.898215771 0.993874133 -0.033383105 -0.105356574 3.889369965
-0.104105473 0.054650664 -0.993063688 -53.449131012 0.039243415 0.997937262 0.050804887 2.952232361 0.993791819 -0.033682141 -0.106035352 3.779251099
-0.105782270 0.055681288 -0.992829204 -54.407432556 0.039483219 0.997878850 0.051757704 2.994957685 0.993605196 -0.033725049 -0.107756376 3.671749115
-0.106992483 0.055797912 -0.992693067 -55.340908051 0.039051652 0.997889459 0.051881015 3.050307989 0.993492723 -0.033215426 -0.108945727 3.569267273
-0.107861876 0.056526788 -0.992557704 -56.276290894 0.038494617 0.997870982 0.052646160 3.095710516 0.993420482 -0.032529615 -0.109808207 3.468318939
-0.108439088 0.056918312 -0.992472351 -57.197319031 0.036193702 0.997923672 0.053276371 3.144382715 0.993444085 -0.030144012 -0.110273957 3.354373932
-0.109045267 0.057727002 -0.992359161 -58.144538879 0.031840980 0.998002887 0.054556459 3.202893019 0.993526697 -0.025648562 -0.110665679 3.243804932
-0.108915925 0.059494011 -0.992269099 -59.079879761 0.027953170 0.997995913 0.056769118 3.257816076 0.993657947 -0.021554008 -0.110360622 3.140007019
-0.107634902 0.061396170 -0.992292881 -60.010826111 0.024697181 0.997948468 0.059067171 3.309038639 0.993883669 -0.018149145 -0.108930469 3.026802063
-0.105382800 0.062650375 -0.992456317 -60.930362701 0.024851773 0.997867644 0.060353123 3.368518114 0.994121194 -0.018304121 -0.106715083 2.924896240
-0.103554010 0.063469127 -0.992596745 -61.873043060 0.025575552 0.997801840 0.061133750 3.424366951 0.994295001 -0.019055570 -0.104949594 2.818740845
-0.102076530 0.062350567 -0.992820680 -62.799217224 0.026635082 0.997847319 0.059927776 3.487221718 0.994419992 -0.020326644 -0.103517532 2.726379395
-0.101119995 0.059403732 -0.993099153 -63.727828979 0.026628977 0.998019755 0.056986630 3.549447536 0.994517803 -0.020682724 -0.102501631 2.632736206
-0.100206971 0.057067502 -0.993328750 -64.672569275 0.027373949 0.998134017 0.054582093 3.602904797 0.994590104 -0.021721827 -0.101582170 2.534736633
-0.099463463 0.056533396 -0.993434012 -65.609069824 0.027594127 0.998157442 0.054039448 3.649072170 0.994658589 -0.022037996 -0.100840211 2.444442749
-0.098434925 0.056044340 -0.993564129 -66.566291809 0.024234625 0.998251796 0.053907774 3.704290628 0.994848371 -0.018772248 -0.099621058 2.328414917
-0.097970843 0.055469342 -0.993642390 -67.503555298 0.022192741 0.998318970 0.053542264 3.761552811 0.994941950 -0.016806072 -0.099037170 2.234161377
-0.097208738 0.054139402 -0.993790507 -68.445114136 0.021161413 0.998406112 0.052320924 3.817076206 0.995039105 -0.015943963 -0.098199487 2.139358521
-0.096962094 0.053506184 -0.993848801 -69.394378662 0.021053476 0.998440742 0.051699374 3.864594221 0.995065391 -0.015911089 -0.097937465 2.040809631
-0.096541762 0.053493407 -0.993890405 -70.340980530 0.021647731 0.998431385 0.051635057 3.920064211 0.995093524 -0.016530531 -0.097548366 1.955169678
-0.096105456 0.052625131 -0.993979096 -71.291282654 0.023371208 0.998445392 0.050601892 3.974825621 0.995096803 -0.018367372 -0.097185969 1.871109009
-0.095027447 0.052176565 -0.994106352 -72.273315430 0.025432013 0.998426735 0.049972259 4.022443295 0.995149791 -0.020533390 -0.096204877 1.758255005
-0.094498396 0.051307809 -0.994202077 -73.235824585 0.027423201 0.998426199 0.048919246 4.077580452 0.995147347 -0.022641415 -0.095756769 1.663642883
-0.094533801 0.050851360 -0.994222224 -74.203666687 0.029527733 0.998398364 0.048257377 4.124087334 0.995083869 -0.024795180 -0.095883846 1.574989319
-0.093763947 0.050032355 -0.994336605 -75.172706604 0.032060698 0.998370230 0.047212064 4.182452202 0.995078206 -0.027452342 -0.095215201 1.488052368
-0.092372537 0.050896823 -0.994422972 -76.152732849 0.031679146 0.998337388 0.048154488 4.229118347 0.995220602 -0.027054325 -0.093831301 1.386947632
-0.090895295 0.052838586 -0.994457901 -77.135711670 0.031242996 0.998251140 0.050184485 4.283688545 0.995370448 -0.026508318 -0.092387199 1.305839539
-0.089099526 0.054403212 -0.994535923 -78.141983032 0.029165173 0.998221517 0.051991947 4.338805676 0.995595694 -0.024373353 -0.090527773 1.191413879
-0.087819576 0.054181639 -0.994661808 -79.135848999 0.029393483 0.998225808 0.051780600 4.389951229 0.995702624 -0.024689218 -0.089256406 1.092193604
-0.087231278 0.053923830 -0.994727552 -80.131874084 0.029496288 0.998235881 0.051527377 4.446319103 0.995751321 -0.024845965 -0.088667989 1.007614136
-0.086736321 0.054193974 -0.994756222 -81.136322021 0.031414375 0.998171508 0.051640909 4.500427723 0.995735884 -0.026770506 -0.088280201 0.929878235
-0.085794926 0.054547977 -0.994818509 -82.135276794 0.030700287 0.998170674 0.052084140 4.550744057 0.995839715 -0.026072660 -0.087312579 0.829376221
-0.085826039 0.053720087 -0.994860888 -83.141029358 0.031045714 0.998204589 0.051222350 4.602221012 0.995826364 -0.026489958 -0.087339640 0.745880127
-0.085860014 0.053326789 -0.994879186 -84.124511719 0.030837674 0.998230338 0.050845075 4.658868790 0.995829999 -0.026314203 -0.087352633 0.647979736
-0.086304069 0.053534821 -0.994829476 -85.123374939 0.030389884 0.998232007 0.051081520 4.712752342 0.995805264 -0.025824213 -0.087778330 0.561882019
-0.086339712 0.054738253 -0.994760871 -86.110969543 0.028470075 0.998217225 0.052457407 4.769631386 0.995858908 -0.023791764 -0.087744117 0.466056824
-0.086931467 0.055505559 -0.994666815 -87.102493286 0.026762560 0.998216391 0.053364657 4.827695847 0.995854795 -0.021980762 -0.088261843 0.374259949
-0.087580800 0.056369338 -0.994561315 -88.087783813 0.025381710 0.998199821 0.054340456 4.877713680 0.995834053 -0.020484487 -0.088853836 0.285217285
-0.087892175 0.055604924 -0.994576871 -89.068832397 0.025440080 0.998240411 0.053561572 4.931727409 0.995805144 -0.020594476 -0.089152098 0.194503784
-0.087753296 0.055302590 -0.994605958 -90.063285828 0.023824086 0.998288691 0.053405378 4.996548653 0.995857298 -0.019009082 -0.088920593 0.087280273
-0.087986112 0.055605467 -0.994568586 -91.052062988 0.023374280 0.998281062 0.053745192 5.053246498 0.995847523 -0.018518496 -0.089134574 -0.005897522
-0.087877631 0.057185158 -0.994488597 -92.028923035 0.022197546 0.998215377 0.055437982 5.103288174 0.995884061 -0.017203454 -0.088990211 -0.102310181
-0.087278247 0.057432655 -0.994527102 -93.002479553 0.019812662 0.998239338 0.055908307 5.159654617 0.995986998 -0.014824656 -0.088262439 -0.196296692
-0.085315108 0.058286287 -0.994647801 -93.966598511 0.017602349 0.998219788 0.056985784 5.211520672 0.996198595 -0.012646390 -0.086189270 -0.292732239
-0.084581614 0.057827439 -0.994737267 -94.930503845 0.016168023 0.998262763 0.056657646 5.265178680 0.996285558 -0.011290749 -0.085369706 -0.374053955
-0.082970858 0.057241261 -0.994906723 -95.878570557 0.014315456 0.998314440 0.056243479 5.320982933 0.996449172 -0.009575970 -0.083650470 -0.466072083
-0.083030939 0.055588663 -0.994995475 -96.842086792 0.014831082 0.998401344 0.054541320 5.377898216 0.996436715 -0.010228248 -0.083722591 -0.536430359
-0.082279921 0.053275924 -0.995184362 -97.813186646 0.013212925 0.998540699 0.052363187 5.432833672 0.996521771 -0.008840858 -0.082863808 -0.633468628
-0.082085490 0.051577318 -0.995289803 -98.755271912 0.013108152 0.998629451 0.050669305 5.483802795 0.996539116 -0.008887200 -0.082648993 -0.708038330
-0.082659245 0.052623693 -0.995187700 -99.716224670 0.015092236 0.998556435 0.051548295 5.539799690 0.996463776 -0.010758674 -0.083334088 -0.791748047
-0.083593249 0.055860803 -0.994933188 -100.667198181 0.015850276 0.998375773 0.054722372 5.590631962 0.996374011 -0.011195545 -0.084342957 -0.873733521
-0.084613681 0.058349341 -0.994703889 -101.618453979 0.015518592 0.998239994 0.057236694 5.637244701 0.996292949 -0.010593398 -0.085370183 -0.963531494
-0.086567640 0.058695551 -0.994515359 -102.555862427 0.015191453 0.998224616 0.057592124 5.690335274 0.996130109 -0.010122516 -0.087305665 -1.048530579
-0.088666201 0.057426419 -0.994404674 -103.493621826 0.017123697 0.998277009 0.056123212 5.743293285 0.995914221 -0.012051657 -0.089496851 -1.133392334
-0.090361476 0.054449949 -0.994419634 -104.436035156 0.017086741 0.998442054 0.053117566 5.800353050 0.995762646 -0.012191615 -0.091150999 -1.226196289
-0.092322946 0.052777514 -0.994329572 -105.363258362 0.019284494 0.998501778 0.051208425 5.849843502 0.995542526 -0.014447434 -0.093202472 -1.311355591
-0.094264984 0.052837469 -0.994144082 -106.295372009 0.023625145 0.998428106 0.050825018 5.907736778 0.995266855 -0.018695781 -0.095365047 -1.410087585
-0.096932173 0.055875957 -0.993721426 -107.261703491 0.027622951 0.998189330 0.053432725 5.954794884 0.994907737 -0.022270177 -0.098300099 -1.490333557
-0.099967241 0.060376830 -0.993157208 -108.208099365 0.027068369 0.997952819 0.057943776 6.015604019 0.994622469 -0.021090666 -0.101396918 -1.592430115
-0.102092624 0.063792303 -0.992727339 -109.136665344 0.028295556 0.997724175 0.061203465 6.061508179 0.994372368 -0.021841353 -0.103665352 -1.691963196
-0.104831338 0.063896112 -0.992435277 -110.065704346 0.027267568 0.997743309 0.061357580 6.114422321 0.994116187 -0.020629104 -0.106337070 -1.793144226
-0.106842041 0.059881654 -0.992471099 -110.989837646 0.020692522 0.998102486 0.057993822 6.177532196 0.994060636 -0.014340553 -0.107878447 -1.910278320
-0.109620333 0.057852529 -0.992288530 -111.916931152 0.017656863 0.998260558 0.056250121 6.233294487 0.993816733 -0.011354550 -0.110451102 -2.013633728
-0.112243891 0.057386633 -0.992022336 -112.851142883 0.016547587 0.998300493 0.055877518 6.294056892 0.993543029 -0.010143669 -0.113002777 -2.120712280
-0.114372253 0.059490710 -0.991655290 -113.784469604 0.016412802 0.998182297 0.057989322 6.347249031 0.993302524 -0.009643484 -0.115140676 -2.241729736
-0.116590023 0.060279705 -0.991349161 -114.699340820 0.017363699 0.998127580 0.058649771 6.400628090 0.993028343 -0.010375512 -0.117418408 -2.355827332
-0.120061636 0.058897242 -0.991017938 -115.629066467 0.019863136 0.998181343 0.056916565 6.460764885 0.992567837 -0.012851234 -0.121013165 -2.452957153
-0.121513128 0.057582930 -0.990918159 -116.543395996 0.021961428 0.998227417 0.055314615 6.507966042 0.992346883 -0.015040527 -0.122562289 -2.570297241
-0.122928381 0.055868752 -0.990841866 -117.477554321 0.021502391 0.998329699 0.053623281 6.561958313 0.992182732 -0.014713651 -0.123924375 -2.699188232
-0.124453545 0.055740036 -0.990658581 -118.406723022 0.021474896 0.998338282 0.053474315 6.616118431 0.991993070 -0.014619227 -0.125443697 -2.812759399
-0.124602795 0.055035092 -0.990679383 -119.319892883 0.020885425 0.998384774 0.052836291 6.664759159 0.991987050 -0.014107214 -0.125550985 -2.942932129
-0.124950886 0.055334788 -0.990618706 -120.246994019 0.021278221 0.998363376 0.053083487 6.713155270 0.991934776 -0.014445783 -0.125923753 -3.057754517
-0.125720978 0.055554546 -0.990508974 -121.212448120 0.021293582 0.998351932 0.053291731 6.768424988 0.991837144 -0.014391595 -0.126696706 -3.177017212
-0.124709487 0.056209445 -0.990599871 -122.132392883 0.020118102 0.998332024 0.054115463 6.818919182 0.991989374 -0.013180280 -0.125632286 -3.300949097
-0.124476552 0.053849943 -0.990760207 -123.062492371 0.018002294 0.998484373 0.052008010 6.869696140 0.992059231 -0.011362178 -0.125257373 -3.422164917
-0.123298764 0.050761763 -0.991070569 -123.981460571 0.016643291 0.998656213 0.049079709 6.922924042 0.992230117 -0.010443215 -0.123977900 -3.544036865
-0.122710824 0.049588513 -0.991202772 -124.938697815 0.017681552 0.998701632 0.047774691 6.972687721 0.992284894 -0.011663525 -0.123428345 -3.654830933
-0.121493101 0.051157426 -0.991273224 -125.872077942 0.017321859 0.998628139 0.049413994 7.023598671 0.992441297 -0.011167238 -0.122212648 -3.769210815
-0.120643377 0.053194683 -0.991269648 -126.826179504 0.017938491 0.998516977 0.051400378 7.072375298 0.992533803 -0.011580762 -0.121418715 -3.877334595
-0.119414926 0.052807417 -0.991439223 -127.760986328 0.018849175 0.998525143 0.050914541 7.123702049 0.992665648 -0.012607863 -0.120234132 -3.988220215
-0.118067741 0.050922312 -0.991699040 -128.720550537 0.019432887 0.998611510 0.048963655 7.180728436 0.992815375 -0.013490548 -0.118893385 -4.107177734
-0.117202640 0.050698638 -0.991813123 -129.673324585 0.019056084 0.998627007 0.048795085 7.235742092 0.992925227 -0.013181161 -0.118007898 -4.213287354
-0.115898967 0.050413456 -0.991980851 -130.619827271 0.019625705 0.998632371 0.048458509 7.284614086 0.993067145 -0.013852033 -0.116729856 -4.325347900
-0.114732265 0.050068606 -0.992134035 -131.556945801 0.020511817 0.998635530 0.048024692 7.336717129 0.993184805 -0.014840497 -0.115602732 -4.428375244
-0.113416314 0.050746482 -0.992250741 -132.526641846 0.020658186 0.998599291 0.048709888 7.377748489 0.993332744 -0.014973600 -0.114305854 -4.545547485
-0.111965656 0.053672582 -0.992261648 -133.471359253 0.020950066 0.998445809 0.051643118 7.430603027 0.993491292 -0.015005696 -0.112916112 -4.655532837
-0.110778570 0.057307903 -0.992191494 -134.427261353 0.022351373 0.998227298 0.055160988 7.481957436 0.993593752 -0.016066192 -0.111863017 -4.768371582
-0.109774947 0.056714285 -0.992337286 -135.368865967 0.022059929 0.998263896 0.054612689 7.539734364 0.993711829 -0.015895793 -0.110835433 -4.867752075
-0.108654141 0.053859714 -0.992619634 -136.308166504 0.022760216 0.998404205 0.051682219 7.584435940 0.993819237 -0.016976759 -0.109706640 -4.969482422
-0.107225657 0.049744770 -0.992989659 -137.236236572 0.025319591 0.998560250 0.047289770 7.628857613 0.993912399 -0.020071419 -0.108330846 -5.077072144
-0.106709957 0.048428599 -0.993110299 -138.169494629 0.026898595 0.998588145 0.045805477 7.675971985 0.993926466 -0.021825373 -0.107861996 -5.171859741
-0.106029630 0.048101973 -0.993198931 -139.096359253 0.027085599 0.998598337 0.045471940 7.717957020 0.993994057 -0.022080017 -0.107183814 -5.268386841
-0.105842710 0.049976740 -0.993126273 -140.019912720 0.029470751 0.998455167 0.047104061 7.765783787 0.993946135 -0.024282562 -0.107151985 -5.353897095
-0.105316877 0.051269036 -0.993116260 -140.938964844 0.032057244 0.998326123 0.048138425 7.807726860 0.993921936 -0.026766786 -0.106784105 -5.442504883
-0.104539990 0.053433120 -0.993084311 -141.886337280 0.031677552 0.998227835 0.050375246 7.859397888 0.994016111 -0.026192255 -0.106047273 -5.555435181
-0.103954911 0.056331579 -0.992985547 -142.791076660 0.031125490 0.998089969 0.053362653 7.906870842 0.994094908 -0.025359850 -0.105509639 -5.647796631
-0.103481650 0.060520701 -0.992788553 -143.702178955 0.030233175 0.997877240 0.057679620 7.959059715 0.994171917 -0.024046373 -0.105091810 -5.751312256
-0.102983713 0.062486354 -0.992718399 -144.623687744 0.030294312 0.997758925 0.059660919 8.013496399 0.994221628 -0.023929616 -0.104645967 -5.848892212
-0.102788925 0.063297778 -0.992687345 -145.520553589 0.028437173 0.997752309 0.060676202 8.071117401 0.994296789 -0.021992389 -0.104357839 -5.942810059
-0.102985144 0.062261634 -0.992732465 -146.413726807 0.025711091 0.997872174 0.059916746 8.127917290 0.994350612 -0.019353699 -0.104366899 -6.030181885
-0.102100134 0.062194053 -0.992828012 -147.288360596 0.023292886 0.997919500 0.060117617 8.176065445 0.994501412 -0.016987815 -0.103336453 -6.145095825
-0.102024794 0.062379934 -0.992824137 -148.175827026 0.021464469 0.997937679 0.060495488 8.222446442 0.994550288 -0.015138409 -0.103153348 -6.240814209
-0.102285504 0.063373998 -0.992734432 -149.031417847 0.019941280 0.997898638 0.061649047 8.276620865 0.994555354 -0.013490597 -0.103334308 -6.321533203
-0.101635456 0.065255329 -0.992679358 -149.876525879 0.018513162 0.997797608 0.063696325 8.325299263 0.994649589 -0.011903832 -0.102619767 -6.419906616
-0.101219416 0.066698261 -0.992625952 -150.714218140 0.017766835 0.997712195 0.065228328 8.367383957 0.994705617 -0.011033457 -0.102172852 -6.510665894
-0.101098061 0.066780463 -0.992632747 -151.539062500 0.018259062 0.997701108 0.065261796 8.415167809 0.994709015 -0.011526709 -0.102084994 -6.591720581
-0.100427389 0.065122858 -0.992811024 -152.329483032 0.017960101 0.997811675 0.063634142 8.478473663 0.994782448 -0.011440387 -0.101377130 -6.686141968
-0.101217270 0.064313345 -0.992783487 -153.112731934 0.017851343 0.997865021 0.062822543 8.525054932 0.994704247 -0.011363802 -0.102149248 -6.758651733
-0.102814078 0.062983930 -0.992704570 -153.883895874 0.017473150 0.997953653 0.061507288 8.572708130 0.994547188 -0.011021864 -0.103704214 -6.832855225
-0.103702784 0.063135304 -0.992602587 -154.637268066 0.018533526 0.997932673 0.061538037 8.609071732 0.994435787 -0.012014763 -0.104658604 -6.921646118
-0.105238795 0.062347773 -0.992490590 -155.393218994 0.018325685 0.997984767 0.060749754 8.663539886 0.994278133 -0.011794843 -0.106169224 -7.005081177
-0.106041431 0.062565885 -0.992391407 -156.141372681 0.018563837 0.997969151 0.060933910 8.707465172 0.994188428 -0.011961072 -0.106987476 -7.086959839
-0.106562614 0.062223442 -0.992357194 -156.884384155 0.017225066 0.998005748 0.060727939 8.754734039 0.994156897 -0.010622097 -0.107421875 -7.183364868
-0.107972741 0.061638556 -0.992241323 -157.636367798 0.018076850 0.998032808 0.060031269 8.801923752 0.993989587 -0.011454857 -0.108874679 -7.257095337
-0.108110547 0.061635055 -0.992226601 -158.367523193 0.019383134 0.998017192 0.059882831 8.842577934 0.993950129 -0.012758508 -0.109090805 -7.336502075
-0.107836485 0.062112793 -0.992226481 -159.084854126 0.020838516 0.997968316 0.060207475 8.885366440 0.993950248 -0.014183960 -0.108911753 -7.414688110
-0.107680917 0.061848808 -0.992259800 -159.821624756 0.021649580 0.997972250 0.059855442 8.936017990 0.993949771 -0.015036727 -0.108801484 -7.500534058
-0.106511712 0.063549377 -0.992278516 -160.522094727 0.021504117 0.997869313 0.061599169 8.980082512 0.994078815 -0.014777039 -0.107651353 -7.583770752
-0.104597092 0.064459443 -0.992423654 -161.215728760 0.020474469 0.997825384 0.062652387 9.019958496 0.994304061 -0.013766096 -0.105689406 -7.661590576
-0.102642179 0.064305142 -0.992637694 -161.913467407 0.020459758 0.997833610 0.062526137 9.062307358 0.994507968 -0.013891315 -0.103735447 -7.737121582
-0.099837184 0.064740516 -0.992895484 -162.573211670 0.020308899 0.997805715 0.063018598 9.100317001 0.994796634 -0.013873022 -0.100932837 -7.806228638
-0.096266866 0.063206859 -0.993346751 -163.230346680 0.019846227 0.997905195 0.061573595 9.141462326 0.995157778 -0.013786692 -0.097319603 -7.874710083
-0.093049526 0.061535586 -0.993758142 -163.884933472 0.018083392 0.998028159 0.060106773 9.181856155 0.995497286 -0.012377614 -0.093978763 -7.930328369
-0.088022351 0.059995953 -0.994310081 -164.526046753 0.015920114 0.998141766 0.058817811 9.219913483 0.995991290 -0.010652247 -0.088813901 -7.991729736
-0.080836177 0.058332093 -0.995019197 -165.162872314 0.013406507 0.998259366 0.057432901 9.255977631 0.996637404 -0.008697080 -0.081477523 -8.047012329
-0.072236300 0.055918556 -0.995818853 -165.783706665 0.012502307 0.998399436 0.055156559 9.289652824 0.997309268 -0.008465732 -0.072819829 -8.087402344
-0.062757015 0.052644938 -0.996639431 -166.413040161 0.010736256 0.998585641 0.052071698 9.323891640 0.997971117 -0.007432310 -0.063233495 -8.122909546
-0.052017331 0.049808405 -0.997403383 -167.025070190 0.010291213 0.998729110 0.049337901 9.358291626 0.998593211 -0.007698068 -0.052463770 -8.150253296
-0.041134477 0.048279487 -0.997986615 -167.635559082 0.009567519 0.998805106 0.047924738 9.388057709 0.999107897 -0.007576899 -0.041547298 -8.169342041
-0.029747248 0.048533171 -0.998378754 -168.241638184 0.008447444 0.998797059 0.048301823 9.421724319 0.999521971 -0.006996910 -0.030121446 -8.179656982
-0.017090321 0.049432091 -0.998631358 -168.873291016 0.008095300 0.998751223 0.049299493 9.447601318 0.999821305 -0.007241680 -0.017469168 -8.196441650
-0.003680110 0.050412059 -0.998721838 -169.466888428 0.006667873 0.998707533 0.050386775 9.476517677 0.999971092 -0.006473924 -0.004011512 -8.190719604
0.011378646 0.049917251 -0.998688519 -170.084930420 0.004538167 0.998740315 0.049971547 9.511958122 0.999924958 -0.005100820 0.011137784 -8.191345215
0.027002215 0.049999889 -0.998384237 -170.675750732 0.002085129 0.998743296 0.050074276 9.541671753 0.999633253 -0.003433882 0.026864052 -8.171493530
0.043858647 0.050248586 -0.997773409 -171.268402100 -0.000812230 0.998735785 0.050261356 9.576894760 0.999037564 -0.001393979 0.043843985 -8.146286011
0.061961353 0.051314607 -0.996758521 -171.858566284 -0.002450343 0.998682261 0.051261321 9.612791061 0.998075545 -0.000733820 0.062005460 -8.105865479
0.082201064 0.051849995 -0.995266080 -172.445251465 -0.003846599 0.998654783 0.051708840 9.645894051 0.996608317 -0.000422134 0.082289934 -8.054534912
0.103214443 0.054218527 -0.993180394 -173.020187378 -0.006332022 0.998528838 0.053852465 9.675525665 0.994639099 0.000730482 0.103405893 -7.986312866
0.124822140 0.056043353 -0.990595102 -173.595428467 -0.010908713 0.998420596 0.055111513 9.710342407 0.992119193 0.003926978 0.125236392 -7.909378052
0.146708071 0.055972829 -0.987594962 -174.169052124 -0.014542572 0.998411953 0.054425579 9.740203857 0.989072919 0.006377497 0.147289097 -7.803985596
0.169436932 0.054952536 -0.984007835 -174.731658936 -0.018351942 0.998447061 0.052598875 9.764124870 0.985370159 0.009146263 0.170182288 -7.698303223
0.193651497 0.053644415 -0.979602695 -175.307006836 -0.021257097 0.998498976 0.050477020 9.791454315 0.980840087 0.011048556 0.194501162 -7.604095459
0.217840016 0.053229071 -0.974531949 -175.869262695 -0.023519816 0.998507977 0.049281191 9.816791534 0.975701153 0.012185390 0.218766987 -7.484664917
0.241403282 0.051624872 -0.969050825 -176.424499512 -0.024613021 0.998588443 0.047067024 9.863054276 0.970112801 0.012489127 0.242333174 -7.322257996
0.266477466 0.051955391 -0.962439835 -176.954681396 -0.027404282 0.998550832 0.046317153 9.881484985 0.963451505 0.014032493 0.267515123 -7.170989990
0.292524874 0.052035462 -0.954841137 -177.497726440 -0.030321239 0.998521030 0.045126654 9.912779808 0.955777109 0.015751291 0.293669999 -7.000297546
0.320180714 0.052870434 -0.945880055 -178.033432007 -0.032717369 0.998463035 0.044734746 9.941672325 0.946791410 0.016623499 0.321418405 -6.821197510
0.348882437 0.053358916 -0.935646296 -178.559036255 -0.034130774 0.998438895 0.044213280 9.968008041 0.936544836 0.016509091 0.350158989 -6.629394531
0.376148403 0.053932607 -0.924988508 -179.049835205 -0.034916401 0.998420477 0.044015329 9.987518311 0.925901353 0.015740968 0.377437413 -6.399810791
0.404038608 0.056022845 -0.913024724 -179.514892578 -0.035843000 0.998325884 0.045395371 9.986198425 0.914039433 0.014384064 0.405370235 -6.176284790
0.433256745 0.057893191 -0.899409235 -180.008911133 -0.037170116 0.998233497 0.046349000 10.009986877 0.900503755 0.013350125 0.434643328 -5.935119629
0.462642670 0.059104383 -0.884572446 -180.492019653 -0.038361717 0.998175263 0.046631303 10.038992882 0.885714471 0.012360087 0.464065790 -5.680419922
0.492013931 0.060184173 -0.868504584 -180.956954956 -0.040337905 0.998112142 0.046313796 10.056555748 0.869652331 0.012246615 0.493512809 -5.407394409
0.521122217 0.059562679 -0.851401150 -181.405990601 -0.042048596 0.998142183 0.044091515 10.090657234 0.852445662 0.012823158 0.522658587 -5.098709106
0.552206099 0.059748273 -0.831563950 -181.867645264 -0.044520624 0.998118818 0.042151082 10.114123344 0.832518101 0.013745660 0.553827345 -4.802661896
0.581077576 0.060859997 -0.811569393 -182.304702759 -0.048008949 0.998026788 0.040468480 10.142526627 0.812430918 0.015447265 0.582852840 -4.469234467
0.609373331 0.061606012 -0.790486455 -182.732406616 -0.050663792 0.997964919 0.038719796 10.171276093 0.791263103 0.016454225 0.611254454 -4.121673584
0.637472332 0.062395796 -0.767942607 -183.147888184 -0.053045649 0.997904658 0.037046939 10.187360764 0.768645108 0.017119611 0.639446437 -3.759693146
0.665385604 0.062828578 -0.743851244 -183.566375732 -0.055370085 0.997860849 0.034753893 10.202343941 0.744443595 0.018062364 0.667441070 -3.390739441
0.691276491 0.062937453 -0.719844222 -183.954254150 -0.056703579 0.997852445 0.032791041 10.221923828 0.720362067 0.018150065 0.693360686 -2.988826752
