1.000000000 0.000000000 0.000000000 0.000000000 0.000000000 1.000000000 0.000000000 0.000000000 0.000000000 0.000000000 1.000000000 0.000000000
0.999997854 0.001903558 0.000824265 -0.004707674 -0.001903333 0.999998152 -0.000273581 -0.020390522 -0.000824784 0.000272012 0.999999642 1.216731787
0.999990940 0.004075372 0.001250278 -0.012834573 -0.004075567 0.999991655 0.000153456 -0.038910527 -0.001249643 -0.000158550 0.999999225 2.455440283
0.999983728 0.005421133 0.001786307 -0.017216001 -0.005422281 0.999985099 0.000638124 -0.059026625 -0.001782821 -0.000647800 0.999998212 3.673499107
0.999976158 0.006581775 0.002093872 -0.020866739 -0.006583774 0.999977887 0.000949153 -0.081807211 -0.002087579 -0.000962916 0.999997377 4.898369789
0.999973238 0.006841335 0.002594217 -0.026430234 -0.006846619 0.999974489 0.002033280 -0.100222155 -0.002580241 -0.002050987 0.999994576 6.106520653
0.999972165 0.006737163 0.003205195 -0.033342332 -0.006749551 0.999969721 0.003869910 -0.121392004 -0.003179026 -0.003891436 0.999987364 7.321249485
0.999974489 0.006274899 0.003420436 -0.028908048 -0.006292543 0.999966800 0.005172415 -0.130902588 -0.003387866 -0.005193806 0.999980748 8.530681610
0.999979913 0.005188928 0.003636480 -0.024309367 -0.005209400 0.999970496 0.005643242 -0.145296231 -0.003607091 -0.005662072 0.999977469 9.737269402
0.999984920 0.003694535 0.004068019 -0.022453597 -0.003712517 0.999983311 0.004421734 -0.158667356 -0.004051615 -0.004436770 0.999981940 10.930443764
0.999980271 0.004430108 0.004459798 -0.022796826 -0.004461724 0.999964833 0.007104367 -0.165458828 -0.004428168 -0.007124125 0.999964833 12.131701469
0.999978542 0.004115402 0.005101260 -0.021024203 -0.004172148 0.999928951 0.011163668 -0.180318549 -0.005054954 -0.011184711 0.999924660 13.320855141
0.999980927 0.001837509 0.005891845 -0.016877849 -0.001899432 0.999942839 0.010521716 -0.182631642 -0.005872174 -0.010532707 0.999927282 14.500185013
0.999982655 0.000235306 0.005886845 -0.005929564 -0.000274833 0.999977410 0.006714516 -0.191731676 -0.005885133 -0.006716018 0.999960124 15.707196236
0.999977946 -0.002816962 0.006009829 0.000124493 0.002787969 0.999984443 0.004827203 -0.203264490 -0.006023333 -0.004810342 0.999970317 16.879976273
0.999975622 -0.003837300 0.005832461 0.005643020 0.003811172 0.999982655 0.004484287 -0.213434204 -0.005849568 -0.004461949 0.999972939 18.064413071
0.999970019 -0.003337587 0.006990307 0.004950942 0.003295203 0.999976158 0.006066029 -0.228144869 -0.007010387 -0.006042812 0.999957144 19.227886200
0.999971151 -0.001984811 0.007332345 0.016673448 0.001938559 0.999978244 0.006309668 -0.238140568 -0.007344709 -0.006295272 0.999953210 20.416555405
0.999967635 -0.001274258 0.007941912 0.025814952 0.001234026 0.999986410 0.005068628 -0.243943736 -0.007948263 -0.005058663 0.999955595 21.593072891
0.999962032 -0.001865441 0.008511523 0.028324654 0.001838244 0.999993205 0.003202065 -0.263073385 -0.008517439 -0.003186297 0.999958634 22.753377914
0.999953091 -0.003347907 0.009088530 0.037325736 0.003337933 0.999993801 0.001112376 -0.280788302 -0.009092198 -0.001081987 0.999958098 23.912294388
0.999945939 -0.004341996 0.009450696 0.046671022 0.004349402 0.999990225 -0.000763190 -0.295009077 -0.009447291 0.000804253 0.999955058 25.075859070
0.999937415 -0.005241022 0.009881261 0.060990788 0.005250774 0.999985754 -0.000961225 -0.310888529 -0.009876083 0.001013050 0.999950707 26.234207153
0.999925911 -0.005953514 0.010616372 0.069653332 0.005954411 0.999982297 -0.000052865 -0.326963961 -0.010615869 0.000116075 0.999943614 27.405792236
0.999920249 -0.006598743 0.010765563 0.082872033 0.006597442 0.999978244 0.000156380 -0.343761235 -0.010766360 -0.000085342 0.999942064 28.566244125
0.999916732 -0.005867022 0.011495362 0.095324196 0.005885076 0.999981523 -0.001537351 -0.365879625 -0.011486130 0.001604874 0.999932766 29.715982437
0.999921024 -0.004782683 0.011622184 0.102372132 0.004852143 0.999970496 -0.005955595 -0.385613650 -0.011593357 0.006011517 0.999914706 30.858366013
0.999914706 -0.004249707 0.012349765 0.111799359 0.004363973 0.999947786 -0.009240270 -0.411648810 -0.012309851 0.009293376 0.999881029 32.003200531
0.999911368 -0.001634649 0.013214380 0.118840680 0.001744867 0.999963760 -0.008333500 -0.434675872 -0.013200278 0.008355820 0.999877930 33.149913788
0.999909222 -0.000921967 0.013440842 0.129933313 0.001008916 0.999978602 -0.006463714 -0.460446715 -0.013434595 0.006476688 0.999888778 34.280006409
0.999903679 -0.001367235 0.013810937 0.142015874 0.001462897 0.999974966 -0.006918796 -0.485802889 -0.013801132 0.006938333 0.999880672 35.428874969
0.999899089 -0.001954838 0.014070567 0.157651708 0.002032820 0.999982655 -0.005530026 -0.508393347 -0.014059512 0.005558071 0.999885738 36.563152313
0.999897599 -0.000900360 0.014282766 0.169235334 0.000948564 0.999993861 -0.003368621 -0.532475889 -0.014279646 0.003381824 0.999892294 37.683067322
0.999898612 -0.001697191 0.014136556 0.179644555 0.001734880 0.999994993 -0.002654269 -0.556006789 -0.014131979 0.002678525 0.999896526 38.784862518
0.999903679 -0.002065138 0.013725693 0.195483297 0.002121523 0.999989390 -0.004094723 -0.578715146 -0.013717091 0.004123447 0.999897420 39.888004303
0.999905229 -0.000907985 0.013736024 0.203213573 0.000964607 0.999991059 -0.004116076 -0.598585546 -0.013732164 0.004128936 0.999897182 40.988338470
0.999906898 -0.001646174 0.013545140 0.213759392 0.001679458 0.999995589 -0.002446249 -0.619151175 -0.013541053 0.002468770 0.999905288 42.072116852
0.999908447 -0.000255046 0.013527265 0.224338859 0.000268481 0.999999464 -0.000991419 -0.645027816 -0.013527005 0.000994960 0.999908030 43.155494690
0.999913812 -0.000232879 0.013125307 0.236890957 0.000256563 0.999998331 -0.001802790 -0.662182510 -0.013124865 0.001806002 0.999912262 44.232692719
0.999923408 -0.000122934 0.012376712 0.246955395 0.000131140 0.999999762 -0.000662271 -0.684460044 -0.012376628 0.000663844 0.999923170 45.291343689
0.999926150 0.002926773 0.011793840 0.251017511 -0.002914026 0.999995172 -0.001097870 -0.707357168 -0.011796996 0.001063422 0.999929845 46.331417084
0.999931157 0.003389997 0.011233742 0.252468169 -0.003364709 0.999991775 -0.002269222 -0.725224435 -0.011241342 0.002231267 0.999934316 47.357631683
0.999924362 0.006581272 0.010391809 0.256591409 -0.006545731 0.999972641 -0.003450373 -0.743796766 -0.010414232 0.003382090 0.999940038 48.366458893
0.999901891 0.009911629 0.009895139 0.261553794 -0.009907803 0.999950826 -0.000435730 -0.767264843 -0.009898971 0.000337648 0.999950945 49.381752014
0.999885023 0.012120232 0.009110992 0.263491660 -0.012131485 0.999925733 0.001180946 -0.784618497 -0.009096002 -0.001291340 0.999957800 50.363647461
0.999876261 0.013327545 0.008356703 0.266247272 -0.013346852 0.999908388 0.002258809 -0.805799067 -0.008325833 -0.002370066 0.999962509 51.334403992
0.999855518 0.015229661 0.007547893 0.270517319 -0.015240019 0.999882996 0.001316696 -0.820242405 -0.007526957 -0.001431536 0.999970675 52.281887054
0.999829471 0.017083252 0.007011003 0.269110471 -0.017090861 0.999853432 0.001026799 -0.837119699 -0.006992434 -0.001146448 0.999974906 53.220661163
0.999849737 0.016219998 0.006115810 0.273527980 -0.016239636 0.999863088 0.003175047 -0.851277113 -0.006063473 -0.003273888 0.999976277 54.125659943
0.999862492 0.015763678 0.005142897 0.275324106 -0.015790781 0.999861419 0.005272428 -0.865966558 -0.005059071 -0.005352913 0.999972880 55.014019012
0.999866664 0.015609450 0.004798648 0.278453350 -0.015636392 0.999861896 0.005629135 -0.877866685 -0.004710118 -0.005703418 0.999972641 55.886817932
0.999897003 0.013901586 0.003564864 0.283534348 -0.013909726 0.999900699 0.002269051 -0.888150573 -0.003532966 -0.002318403 0.999991059 56.717926025
0.999918818 0.012504497 0.002447107 0.289501280 -0.012505961 0.999921620 0.000584037 -0.900395453 -0.002439612 -0.000614593 0.999996841 57.539356232
0.999920368 0.012436883 0.002153433 0.283252209 -0.012435848 0.999922574 -0.000493224 -0.914743245 -0.002159401 0.000466405 0.999997556 58.329284668
0.999918938 0.012623860 0.001664300 0.277265340 -0.012625235 0.999919951 0.000818370 -0.936428368 -0.001653836 -0.000839315 0.999998271 59.105842590
0.999929011 0.011873614 0.000992105 0.275647610 -0.011874639 0.999928951 0.001033748 -0.946769595 -0.000979760 -0.001045456 0.999998987 59.843498230
0.999938130 0.011110455 0.000543144 0.274225324 -0.011111784 0.999935091 0.002508036 -0.958558023 -0.000515243 -0.002513916 0.999996722 60.560649872
0.999938846 0.011049456 0.000510799 0.268314958 -0.011051077 0.999933541 0.003289555 -0.969518006 -0.000474418 -0.003294999 0.999994457 61.242206573
0.999942064 0.010764829 0.000086730 0.264020503 -0.010765085 0.999934435 0.003904910 -0.988104701 -0.000044688 -0.003905618 0.999992371 61.908546448
0.999927402 0.012049418 -0.000008814 0.259125471 -0.012049270 0.999918282 0.004277700 -0.994315743 0.000060357 -0.004277283 0.999990821 62.551342010
0.999933958 0.011488935 -0.000202202 0.254304022 -0.011487983 0.999925196 0.004205320 -1.005092978 0.000250501 -0.004202720 0.999991119 63.170681000
0.999950469 0.009928935 -0.000721376 0.253189534 -0.009924900 0.999936163 0.005397340 -1.017485380 0.000774920 -0.005389913 0.999985158 63.763389587
0.999961019 0.008796842 -0.000730523 0.250876516 -0.008792056 0.999941409 0.006313826 -1.024605036 0.000786022 -0.006307157 0.999979794 64.336013794
0.999962986 0.008538153 -0.001050781 0.251855671 -0.008531560 0.999944866 0.006126143 -1.032848001 0.001103029 -0.006116951 0.999980688 64.887237549
0.999958038 0.009107887 -0.000962219 0.246022061 -0.009101900 0.999940276 0.006053386 -1.043450713 0.001017295 -0.006044374 0.999981225 65.418609619
0.999959946 0.008863193 -0.001268543 0.240879685 -0.008855663 0.999943852 0.005823672 -1.050858021 0.001320088 -0.005812204 0.999982238 65.915618896
0.999960601 0.008729688 -0.001616389 0.240258574 -0.008721475 0.999949396 0.005019690 -1.057385564 0.001660127 -0.005005395 0.999986112 66.404968262
0.999959946 0.008740047 -0.001939453 0.236604914 -0.008732031 0.999953449 0.004103696 -1.066744804 0.001975229 -0.004086596 0.999989688 66.864578247
0.999960065 0.008706249 -0.002016968 0.234882534 -0.008699053 0.999955833 0.003549874 -1.071079254 0.002047786 -0.003532186 0.999991655 67.312225342
0.999956429 0.008996746 -0.002478331 0.230633676 -0.008987072 0.999952078 0.003887053 -1.075060487 0.002513183 -0.003864610 0.999989390 67.729393005
0.999957740 0.008792771 -0.002689521 0.230351850 -0.008783772 0.999955833 0.003339655 -1.082327127 0.002718767 -0.003315890 0.999990821 68.129135132
0.999944448 0.010078697 -0.003089007 0.226170421 -0.010069050 0.999944448 0.003123000 -1.089752436 0.003120311 -0.003091723 0.999990344 68.502624512
0.999944448 0.010144042 -0.002868761 0.221333966 -0.010134311 0.999942899 0.003386246 -1.094585180 0.002902947 -0.003356985 0.999990165 68.858978271
0.999944866 0.010029287 -0.003120327 0.219103262 -0.010017174 0.999942303 0.003873562 -1.101746082 0.003158996 -0.003842092 0.999987602 69.188812256
0.999946356 0.009796928 -0.003358378 0.218042433 -0.009783247 0.999943852 0.004065792 -1.108927608 0.003398022 -0.004032718 0.999986112 69.492034912
0.999943674 0.010084443 -0.003301508 0.214084044 -0.010068915 0.999938309 0.004686695 -1.111765981 0.003348567 -0.004653189 0.999983549 69.784629822
0.999944866 0.009928814 -0.003426184 0.213270307 -0.009912166 0.999939144 0.004842306 -1.116537929 0.003474053 -0.004808078 0.999982417 70.042549133
0.999944746 0.009787607 -0.003832435 0.211683497 -0.009770840 0.999942720 0.004369451 -1.117863774 0.003874981 -0.004331763 0.999983132 70.279228210
0.999946475 0.009662181 -0.003707140 0.208927929 -0.009644642 0.999942362 0.004720268 -1.121294975 0.003752534 -0.004684261 0.999981999 70.494247437
0.999950826 0.009112144 -0.003905836 0.210367680 -0.009092728 0.999946356 0.004960387 -1.124833941 0.003950826 -0.004924628 0.999980092 70.688529968
0.999956667 0.008502520 -0.003787359 0.209020033 -0.008482318 0.999949872 0.005318512 -1.127467871 0.003832389 -0.005286156 0.999978662 70.865203857
0.999955893 0.008619303 -0.003735081 0.208584234 -0.008598126 0.999947071 0.005649236 -1.130708814 0.003783576 -0.005616872 0.999977052 71.017539978
0.999945521 0.009704131 -0.003843381 0.204728872 -0.009681630 0.999936163 0.005830283 -1.132172227 0.003899713 -0.005792756 0.999975622 71.153434753
0.999944031 0.009777377 -0.004047651 0.204014018 -0.009753717 0.999935448 0.005824585 -1.133444190 0.004104339 -0.005784779 0.999974847 71.268806458
0.999948204 0.009306148 -0.004117052 0.205321655 -0.009283694 0.999942124 0.005439604 -1.132667780 0.004167435 -0.005401100 0.999976754 71.367500305
0.999951661 0.008873605 -0.004231547 0.206272751 -0.008852028 0.999947846 0.005090754 -1.135447025 0.004276499 -0.005053050 0.999978065 71.445877075
0.999951839 0.008887330 -0.004166570 0.202571169 -0.008868244 0.999950230 0.004577066 -1.134507298 0.004207040 -0.004539895 0.999980867 71.516838074
0.999949753 0.009146879 -0.004099903 0.204230160 -0.009129424 0.999949276 0.004256227 -1.135268211 0.004138626 -0.004218583 0.999982536 71.567123413
0.999947011 0.009380631 -0.004235130 0.203006670 -0.009363211 0.999947727 0.004114600 -1.136002541 0.004273506 -0.004074728 0.999982595 71.611427307
0.999948680 0.009221290 -0.004190274 0.201702505 -0.009203258 0.999948382 0.004302456 -1.139105797 0.004229732 -0.004263671 0.999981940 71.644660950
0.999949276 0.009143410 -0.004222360 0.203521922 -0.009125847 0.999949694 0.004160065 -1.139414907 0.004260185 -0.004121322 0.999982417 71.667518616
0.999950051 0.009028752 -0.004289996 0.202627867 -0.009010978 0.999950826 0.004144617 -1.138419032 0.004327205 -0.004105753 0.999982238 71.670944214
0.999950349 0.009024151 -0.004230658 0.201771349 -0.009006333 0.999950588 0.004211988 -1.138863087 0.004268458 -0.004173676 0.999982178 71.668930054
0.999948561 0.009156974 -0.004361956 0.201405898 -0.009144683 0.999954164 0.002829256 -1.140527010 0.004387664 -0.002789221 0.999986470 71.665229797
0.999948263 0.009184196 -0.004369163 0.201383382 -0.009181932 0.999957681 0.000537770 -1.143844008 0.004373917 -0.000497625 0.999990284 71.663688660
0.999949276 0.009118086 -0.004271899 0.202317864 -0.009119259 0.999958396 -0.000255233 -1.140540481 0.004269394 0.000294176 0.999990821 71.663200378
0.999948621 0.009118907 -0.004425576 0.202763841 -0.009116821 0.999958336 0.000491508 -1.143007994 0.004429874 -0.000451136 0.999990106 71.660850525
0.999948859 0.009121367 -0.004370695 0.201895162 -0.009121157 0.999958396 0.000067754 -1.140757322 0.004371132 -0.000027884 0.999990463 71.662368774
0.999949157 0.009154812 -0.004233119 0.201389268 -0.009153126 0.999958038 0.000417308 -1.142910361 0.004236761 -0.000378541 0.999990940 71.663825989
0.999949157 0.009137695 -0.004261144 0.200734288 -0.009134966 0.999958038 0.000659520 -1.142713189 0.004266992 -0.000620561 0.999990702 71.663185120
0.999948621 0.009204689 -0.004241360 0.201648638 -0.009204181 0.999957621 0.000139540 -1.140847683 0.004242464 -0.000100494 0.999991000 71.662689209
0.999949515 0.009118814 -0.004227286 0.200020984 -0.009116666 0.999958277 0.000527098 -1.142157197 0.004231916 -0.000488533 0.999990940 71.664108276
0.999949217 0.009134331 -0.004256406 0.200083062 -0.009132011 0.999958158 0.000564355 -1.142077446 0.004261383 -0.000525457 0.999990761 71.664962769
0.999949753 0.009095358 -0.004217805 0.201068282 -0.009093514 0.999958575 0.000456230 -1.143345118 0.004221780 -0.000417852 0.999991000 71.662101746
0.999949634 0.009057764 -0.004322940 0.201402515 -0.009055338 0.999958813 0.000580579 -1.143087149 0.004328021 -0.000541404 0.999990463 71.661888123
0.999950290 0.009010215 -0.004266975 0.199660137 -0.009008032 0.999959290 0.000530474 -1.142096877 0.004271581 -0.000492011 0.999990761 71.663070679
0.999949634 0.009083219 -0.004262543 0.201095432 -0.009081175 0.999958634 0.000498805 -1.142811537 0.004266898 -0.000460071 0.999990761 71.663475037
0.999949217 0.009107116 -0.004321494 0.201359212 -0.009105074 0.999958456 0.000491940 -1.142804265 0.004325795 -0.000452567 0.999990523 71.662010193
0.999948859 0.009171535 -0.004267400 0.201284155 -0.009169421 0.999957800 0.000514692 -1.142805576 0.004271940 -0.000475536 0.999990761 71.661407471
0.999948859 0.009183948 -0.004239446 0.200562164 -0.009181686 0.999957681 0.000552709 -1.142924786 0.004244342 -0.000513756 0.999990880 71.662300110
0.999948680 0.009159208 -0.004331219 0.201202333 -0.009157252 0.999957979 0.000471303 -1.142909646 0.004335354 -0.000431617 0.999990523 71.662773132
0.999948621 0.009197926 -0.004257851 0.201221779 -0.009195576 0.999957561 0.000571072 -1.143365741 0.004262923 -0.000531889 0.999990761 71.661117554
0.999948561 0.009196298 -0.004273445 0.200815767 -0.009194011 0.999957561 0.000554508 -1.142520428 0.004278364 -0.000515189 0.999990702 71.662994385
0.999950588 0.008963656 -0.004293680 0.202020139 -0.008962153 0.999959767 0.000368951 -1.141418695 0.004296815 -0.000330452 0.999990702 71.662048340
0.999949098 0.009110176 -0.004330477 0.201173529 -0.009107701 0.999958336 0.000590875 -1.143538237 0.004335680 -0.000551404 0.999990463 71.661972046
0.999949157 0.009103251 -0.004341120 0.201193795 -0.009100985 0.999958456 0.000541438 -1.142716169 0.004345869 -0.000501902 0.999990404 71.662872314
0.999949872 0.009037077 -0.004305983 0.202191055 -0.009034581 0.999958992 0.000598955 -1.143076420 0.004311219 -0.000560022 0.999990523 71.661041260
0.999949157 0.009137780 -0.004259737 0.201016545 -0.009135379 0.999958098 0.000583132 -1.143595815 0.004264887 -0.000544189 0.999990761 71.662406921
0.999949634 0.009052029 -0.004330573 0.201988697 -0.009049867 0.999958932 0.000518429 -1.142656088 0.004335087 -0.000479212 0.999990463 71.662582397
0.999949038 0.009131471 -0.004305487 0.201794416 -0.009129356 0.999958217 0.000510446 -1.142459750 0.004309968 -0.000471113 0.999990582 71.662200928
0.999949336 0.009078305 -0.004342311 0.201338619 -0.009076256 0.999958694 0.000491424 -1.142576337 0.004346593 -0.000451988 0.999990463 71.662864685
0.999949872 0.009035156 -0.004311709 0.201439857 -0.009032745 0.999959052 0.000578203 -1.143367529 0.004316757 -0.000539228 0.999990523 71.661125183
0.999949038 0.009153677 -0.004251399 0.201564565 -0.009151485 0.999957979 0.000534853 -1.143123746 0.004256117 -0.000495919 0.999990821 71.661506653
0.999949217 0.009102228 -0.004320535 0.201196373 -0.009100691 0.999958515 0.000375018 -1.140959620 0.004323769 -0.000335679 0.999990582 71.664031982
0.999948919 0.009163796 -0.004269668 0.200034484 -0.009161540 0.999957860 0.000547487 -1.142980337 0.004274506 -0.000508342 0.999990761 71.663177490
0.999948800 0.009145669 -0.004336072 0.202630833 -0.009143524 0.999958038 0.000514111 -1.142764330 0.004340592 -0.000474437 0.999990463 71.661712646
0.999948621 0.009170998 -0.004318594 0.202298418 -0.009168922 0.999957860 0.000500320 -1.142511606 0.004323001 -0.000460697 0.999990523 71.662017822
0.999948680 0.009171951 -0.004307880 0.202050790 -0.009169643 0.999957800 0.000555191 -1.143125057 0.004312790 -0.000515661 0.999990582 71.661216736
0.999949634 0.009038388 -0.004356844 0.202361196 -0.009036267 0.999959052 0.000506088 -1.142647147 0.004361240 -0.000466693 0.999990404 71.663101196
0.999949217 0.009135242 -0.004250505 0.201250315 -0.009133082 0.999958158 0.000527451 -1.142424703 0.004255146 -0.000488604 0.999990821 71.661369324
0.999950111 0.008981175 -0.004366863 0.201806948 -0.008979245 0.999959588 0.000461380 -1.142291188 0.004370830 -0.000422146 0.999990344 71.662849426
0.999949634 0.009051705 -0.004339867 0.201600865 -0.009049078 0.999958873 0.000624590 -1.143245339 0.004345342 -0.000585287 0.999990404 71.663070679
0.999949515 0.009069163 -0.004324866 0.202088982 -0.009066737 0.999958754 0.000580256 -1.143072248 0.004329949 -0.000541015 0.999990463 71.662879944
0.999949098 0.009138842 -0.004282703 0.200963259 -0.009136669 0.999958098 0.000526567 -1.143267393 0.004287336 -0.000487410 0.999990702 71.662673950
0.999949455 0.009082884 -0.004316466 0.200956613 -0.009080571 0.999958634 0.000555094 -1.143066645 0.004321330 -0.000515870 0.999990523 71.662750244
0.999949217 0.009112262 -0.004298422 0.201152012 -0.009110386 0.999958396 0.000455845 -1.142585516 0.004302397 -0.000416662 0.999990642 71.661033630
0.999948978 0.009110237 -0.004359797 0.201923400 -0.009107679 0.999958336 0.000606367 -1.143378139 0.004365139 -0.000566629 0.999990284 71.662109375
0.999949574 0.009045883 -0.004367698 0.201912120 -0.009043356 0.999958932 0.000597912 -1.143349767 0.004372926 -0.000558383 0.999990284 71.663436890
0.999948978 0.009129422 -0.004318668 0.201005757 -0.009127005 0.999958158 0.000578845 -1.143523335 0.004323771 -0.000539399 0.999990523 71.663505554
0.999948382 0.009201114 -0.004306504 0.201954976 -0.009198762 0.999957502 0.000565579 -1.142772079 0.004311525 -0.000525935 0.999990582 71.661514282
0.999950051 0.009017380 -0.004310648 0.200640574 -0.009015274 0.999959230 0.000507749 -1.143009305 0.004315051 -0.000468862 0.999990582 71.663597107
0.999950230 0.009012069 -0.004280050 0.201069847 -0.009009374 0.999959230 0.000648476 -1.143582702 0.004285720 -0.000609883 0.999990642 71.661689758
0.999950230 0.008998534 -0.004311827 0.201039881 -0.008996365 0.999959409 0.000522134 -1.142795801 0.004316350 -0.000483317 0.999990582 71.662452698
0.999949276 0.009114045 -0.004288225 0.200442702 -0.009111706 0.999958336 0.000564617 -1.142673969 0.004293193 -0.000525515 0.999990642 71.663841248
0.999948859 0.009135596 -0.004332865 0.201459229 -0.009133243 0.999958158 0.000562613 -1.142332792 0.004337823 -0.000523011 0.999990463 71.662467957
0.999949634 0.009050247 -0.004338715 0.201385498 -0.009048198 0.999958932 0.000491633 -1.143088579 0.004342986 -0.000452351 0.999990463 71.661262512
0.999950051 0.009044248 -0.004259984 0.201207265 -0.009042162 0.999958992 0.000508554 -1.142255902 0.004264409 -0.000470009 0.999990821 71.662193298
0.999949515 0.009093244 -0.004275367 0.200816467 -0.009091002 0.999958515 0.000543596 -1.142897964 0.004280133 -0.000504702 0.999990702 71.662628174
0.999949157 0.009097978 -0.004343867 0.201502681 -0.009095969 0.999958515 0.000482261 -1.142392755 0.004348074 -0.000442725 0.999990463 71.663703918
0.999948621 0.009155133 -0.004358034 0.201821551 -0.009152954 0.999957979 0.000519877 -1.142859817 0.004362610 -0.000479961 0.999990344 71.661895752
0.999949217 0.009080471 -0.004370029 0.201757148 -0.009078198 0.999958634 0.000539705 -1.143378139 0.004374749 -0.000500005 0.999990284 71.663085938
0.999948919 0.009172225 -0.004247151 0.201407850 -0.009169941 0.999957800 0.000557016 -1.143174887 0.004252080 -0.000518041 0.999990821 71.662727356
0.999949455 0.009072022 -0.004341047 0.201456890 -0.009069798 0.999958754 0.000531583 -1.143160462 0.004345691 -0.000492183 0.999990463 71.663269043
0.999949098 0.009123055 -0.004304001 0.200268075 -0.009120958 0.999958277 0.000506623 -1.142380714 0.004308443 -0.000467340 0.999990582 71.663261414
0.999948084 0.009243825 -0.004290431 0.201521337 -0.009241276 0.999957085 0.000613593 -1.143095851 0.004295919 -0.000573912 0.999990582 71.662834167
0.999949872 0.009023526 -0.004342946 0.201782241 -0.009021476 0.999959171 0.000491298 -1.142786503 0.004347202 -0.000452093 0.999990463 71.663520813
0.999949098 0.009132100 -0.004284540 0.200992480 -0.009129921 0.999958158 0.000527756 -1.142611027 0.004289180 -0.000488612 0.999990702 71.662086487
0.999949098 0.009156320 -0.004235495 0.200659558 -0.009154120 0.999957979 0.000538648 -1.142839432 0.004240249 -0.000499848 0.999990880 71.662284851
0.999948502 0.009197346 -0.004289635 0.201648474 -0.009195087 0.999957561 0.000545754 -1.143303275 0.004294473 -0.000506282 0.999990642 71.662544250
0.999948680 0.009190160 -0.004269470 0.201169878 -0.009187887 0.999957621 0.000551629 -1.142913818 0.004274359 -0.000512373 0.999990761 71.662460327
0.999948502 0.009167307 -0.004352541 0.201808065 -0.009165700 0.999957919 0.000389153 -1.141194105 0.004355926 -0.000349239 0.999990463 71.663894653
0.999948859 0.009148519 -0.004317409 0.201214582 -0.009146449 0.999958038 0.000498713 -1.142634749 0.004321790 -0.000459198 0.999990582 71.662818909
0.999948084 0.009249241 -0.004275577 0.200934082 -0.009247220 0.999957144 0.000492048 -1.142798662 0.004279945 -0.000452485 0.999990761 71.662788391
0.999949038 0.009178935 -0.004200531 0.200490683 -0.009176993 0.999957800 0.000481443 -1.142779231 0.004204773 -0.000442870 0.999991059 71.662986755
0.999948680 0.009228805 -0.004178412 0.199696586 -0.009226620 0.999957263 0.000541663 -1.142740607 0.004183233 -0.000503083 0.999991119 71.662078857
0.999948800 0.009166443 -0.004279693 0.201086253 -0.009164643 0.999957919 0.000439774 -1.142901182 0.004283544 -0.000400530 0.999990761 71.662101746
0.999949038 0.009161480 -0.004247512 0.201397687 -0.009159326 0.999957919 0.000526410 -1.143254876 0.004252156 -0.000487479 0.999990821 71.661186218
0.999949336 0.009137565 -0.004226277 0.200643077 -0.009135492 0.999958158 0.000509601 -1.142674208 0.004230756 -0.000470966 0.999990940 71.663040161
0.999948919 0.009157864 -0.004272354 0.200644076 -0.009156375 0.999958038 0.000367835 -1.141152143 0.004275543 -0.000328697 0.999990821 71.662681580
0.999948144 0.009205330 -0.004355877 0.202442631 -0.009203038 0.999957502 0.000546001 -1.142571211 0.004360718 -0.000505886 0.999990344 71.662231445
0.999948859 0.009167971 -0.004268854 0.200853080 -0.009166376 0.999957919 0.000393173 -1.141276836 0.004272279 -0.000354023 0.999990821 71.662284851
0.999948740 0.009172470 -0.004293986 0.201372683 -0.009170323 0.999957800 0.000519690 -1.142496347 0.004298571 -0.000480286 0.999990642 71.661087036
0.999948621 0.009157963 -0.004339815 0.201993778 -0.009155840 0.999957979 0.000509040 -1.142439842 0.004344294 -0.000469279 0.999990463 71.663391113
0.999948502 0.009203217 -0.004279095 0.201159433 -0.009201288 0.999957561 0.000470254 -1.142452240 0.004283241 -0.000430857 0.999990761 71.662498474
0.999948621 0.009219754 -0.004212761 0.200807452 -0.009217437 0.999957383 0.000569158 -1.142947435 0.004217829 -0.000530298 0.999990940 71.660850525
0.999948204 0.009227821 -0.004296385 0.201212779 -0.009225991 0.999957323 0.000445547 -1.142357230 0.004300313 -0.000405885 0.999990642 71.663940430
0.999949574 0.009097776 -0.004251301 0.201373219 -0.009095798 0.999958515 0.000484405 -1.142269254 0.004255531 -0.000445712 0.999990821 71.661071777
0.999948978 0.009155544 -0.004267361 0.201526076 -0.009153179 0.999957919 0.000573410 -1.142809987 0.004272432 -0.000534321 0.999990702 71.662353516
0.999948859 0.009162862 -0.004284316 0.201231301 -0.009161087 0.999957919 0.000433721 -1.142121196 0.004288110 -0.000394450 0.999990702 71.663719177
0.999949932 0.009024793 -0.004316153 0.201496914 -0.009022531 0.999959171 0.000543415 -1.142660022 0.004320881 -0.000504445 0.999990523 71.662406921
0.999948382 0.009211822 -0.004288666 0.200463280 -0.009210035 0.999957502 0.000436285 -1.142680645 0.004292503 -0.000396764 0.999990702 71.663482666
0.999949098 0.009168503 -0.004210299 0.200503558 -0.009166394 0.999957860 0.000519755 -1.142993569 0.004214887 -0.000481135 0.999991000 71.662117004
0.999947846 0.009309695 -0.004205839 0.200431854 -0.009307578 0.999956548 0.000522582 -1.142279863 0.004210521 -0.000483409 0.999991000 71.661849976
0.999948025 0.009254411 -0.004279102 0.201310262 -0.009252321 0.999957085 0.000507977 -1.142747045 0.004283619 -0.000468359 0.999990702 71.662216187
0.999947608 0.009315351 -0.004239341 0.201019734 -0.009313383 0.999956489 0.000483569 -1.142356277 0.004243662 -0.000444061 0.999990880 71.663391113
0.999949455 0.009097805 -0.004281410 0.201108754 -0.009095757 0.999958515 0.000497659 -1.142920256 0.004285759 -0.000458691 0.999990702 71.660850525
0.999949217 0.009151442 -0.004226878 0.200783938 -0.009149356 0.999958038 0.000512724 -1.142687559 0.004231393 -0.000474024 0.999990940 71.662429810
0.999950409 0.009009622 -0.004245324 0.201405451 -0.009007349 0.999959290 0.000554503 -1.142966032 0.004250146 -0.000516236 0.999990821 71.661369324
0.999948740 0.009175662 -0.004281670 0.200933218 -0.009174187 0.999957860 0.000363953 -1.141437292 0.004284829 -0.000324653 0.999990761 71.662330627
0.999949694 0.009133257 -0.004148158 0.200663149 -0.009131012 0.999958158 0.000559815 -1.142651677 0.004153097 -0.000521910 0.999991238 71.660614014
0.999949574 0.009112862 -0.004220553 0.201379552 -0.009110867 0.999958396 0.000491679 -1.142930984 0.004224858 -0.000453201 0.999991000 71.662399292
0.999948442 0.009238472 -0.004215399 0.200877875 -0.009236412 0.999957204 0.000507826 -1.142842889 0.004219911 -0.000468865 0.999991000 71.661590576
0.999949336 0.009143633 -0.004210103 0.201150402 -0.009141513 0.999958098 0.000522356 -1.141892433 0.004214703 -0.000483843 0.999991000 71.662788391
0.999948859 0.009201170 -0.004204046 0.201114610 -0.009199224 0.999957561 0.000481800 -1.142832994 0.004208300 -0.000443101 0.999991059 71.662544250
0.999949038 0.009151335 -0.004261744 0.201731414 -0.009149170 0.999957979 0.000527285 -1.142448187 0.004266390 -0.000488266 0.999990761 71.660064697
0.999948084 0.009275832 -0.004217652 0.200891107 -0.009273688 0.999956846 0.000527678 -1.142768145 0.004222365 -0.000488537 0.999990940 71.661376953
0.999948978 0.009198721 -0.004170686 0.200264737 -0.009196626 0.999957561 0.000521163 -1.143200636 0.004175303 -0.000482780 0.999991179 71.661849976
0.999947786 0.009303831 -0.004228911 0.201347157 -0.009301792 0.999956608 0.000501431 -1.141437769 0.004233393 -0.000462068 0.999990940 71.662101746
0.999948978 0.009147388 -0.004279149 0.201763019 -0.009145385 0.999958038 0.000487380 -1.143034220 0.004283428 -0.000448221 0.999990702 71.662712097
0.999949217 0.009116220 -0.004296760 0.201536387 -0.009113745 0.999958277 0.000595284 -1.143135309 0.004302008 -0.000556094 0.999990582 71.661911011
0.999948561 0.009165304 -0.004342232 0.201930329 -0.009162957 0.999957860 0.000560156 -1.143015385 0.004347184 -0.000520339 0.999990404 71.662216187
0.999949455 0.009056997 -0.004361225 0.201979607 -0.009054597 0.999958873 0.000569435 -1.143363357 0.004366203 -0.000529917 0.999990344 71.662834167
0.999949098 0.009100474 -0.004354612 0.201512575 -0.009097742 0.999958396 0.000646906 -1.142822981 0.004360318 -0.000607256 0.999990284 71.663253784
0.999948442 0.009183274 -0.004331260 0.201580137 -0.009180976 0.999957681 0.000550049 -1.142809629 0.004336128 -0.000510255 0.999990463 71.664787292
0.999948502 0.009182733 -0.004317503 0.201488867 -0.009180104 0.999957681 0.000628370 -1.143768787 0.004323090 -0.000588702 0.999990463 71.663093567
0.999948859 0.009160271 -0.004292621 0.201955169 -0.009157825 0.999957919 0.000589243 -1.142696738 0.004297838 -0.000549901 0.999990642 71.662139893
0.999948442 0.009206410 -0.004280551 0.201149955 -0.009203877 0.999957442 0.000610885 -1.144857407 0.004285994 -0.000571456 0.999990642 71.661041260
0.999948561 0.009149585 -0.004373033 0.203217506 -0.009146775 0.999957919 0.000662181 -1.144006133 0.004378908 -0.000622148 0.999990225 71.660171509
0.999949217 0.009107191 -0.004315169 0.201702416 -0.009104758 0.999958396 0.000583214 -1.144035101 0.004320301 -0.000543896 0.999990523 71.662216187
0.999949157 0.009120733 -0.004300909 0.202386811 -0.009118694 0.999958277 0.000493470 -1.143332958 0.004305230 -0.000454226 0.999990642 71.660766602
0.999949157 0.009115487 -0.004308880 0.202110916 -0.009113723 0.999958396 0.000428862 -1.142190814 0.004312610 -0.000389570 0.999990642 71.661499023
0.999948680 0.009176911 -0.004291974 0.202066556 -0.009174899 0.999957800 0.000488209 -1.144021869 0.004296273 -0.000448805 0.999990642 71.659729004
0.999949336 0.009133371 -0.004238529 0.201395825 -0.009131229 0.999958158 0.000524251 -1.143346190 0.004243140 -0.000485522 0.999990880 71.660903931
0.999948740 0.009165865 -0.004305777 0.202416345 -0.009163599 0.999957860 0.000545836 -1.144142389 0.004310599 -0.000506352 0.999990582 71.659957886
0.999949276 0.009108461 -0.004301549 0.201772794 -0.009106454 0.999958396 0.000485980 -1.143801093 0.004305797 -0.000446783 0.999990642 71.661529541
0.999949753 0.009046395 -0.004312960 0.202441767 -0.009044188 0.999958932 0.000531022 -1.143049359 0.004317587 -0.000491988 0.999990582 71.660339355
0.999949217 0.009126946 -0.004269285 0.200227097 -0.009124906 0.999958217 0.000497186 -1.143174410 0.004273644 -0.000458204 0.999990761 71.662773132
0.999949992 0.009041525 -0.004271546 0.201531515 -0.009039047 0.999958992 0.000599140 -1.143215537 0.004276788 -0.000560499 0.999990702 71.661354065
0.999948800 0.009125549 -0.004370193 0.201956898 -0.009123269 0.999958217 0.000541423 -1.142905474 0.004374952 -0.000501525 0.999990284 71.663406372
0.999948978 0.009153489 -0.004265937 0.201378301 -0.009151340 0.999957979 0.000522812 -1.142590642 0.004270543 -0.000483746 0.999990761 71.661811829
0.999947667 0.009270503 -0.004323011 0.201474369 -0.009268165 0.999956906 0.000560509 -1.142987609 0.004328021 -0.000520414 0.999990523 71.661087036
0.999950409 0.008948862 -0.004373411 0.202146664 -0.008946356 0.999959826 0.000591912 -1.144189954 0.004378532 -0.000552756 0.999990284 71.661651611
0.999949038 0.009107959 -0.004360706 0.201775804 -0.009105450 0.999958396 0.000594817 -1.143877745 0.004365942 -0.000555080 0.999990344 71.660545349
0.999949396 0.009074432 -0.004341423 0.201926395 -0.009071809 0.999958634 0.000623514 -1.143961072 0.004346902 -0.000584098 0.999990404 71.660888672
0.999948978 0.009143512 -0.004287685 0.201432496 -0.009141529 0.999958098 0.000481884 -1.142522573 0.004291911 -0.000442664 0.999990702 71.661529541
0.999948680 0.009167622 -0.004307806 0.201502457 -0.009165400 0.999957860 0.000535366 -1.142221451 0.004312532 -0.000495856 0.999990582 71.662551880
0.999948502 0.009162592 -0.004368820 0.202471912 -0.009160546 0.999957919 0.000488128 -1.142712951 0.004373109 -0.000448082 0.999990344 71.663177490
0.999948025 0.009241225 -0.004311962 0.201533124 -0.009238852 0.999957144 0.000569828 -1.142652869 0.004317043 -0.000529960 0.999990523 71.662445068
0.999948561 0.009174447 -0.004328589 0.201785237 -0.009172105 0.999957800 0.000560531 -1.143018603 0.004333549 -0.000520800 0.999990463 71.662902832
0.999948561 0.009175744 -0.004320951 0.201002121 -0.009173292 0.999957740 0.000586953 -1.143788576 0.004326154 -0.000547286 0.999990463 71.663406372
0.999948800 0.009136544 -0.004353413 0.201825976 -0.009134445 0.999958158 0.000501664 -1.141286731 0.004357815 -0.000461873 0.999990404 71.663635254
0.999949098 0.009157693 -0.004230530 0.200735807 -0.009155408 0.999957919 0.000559112 -1.143204451 0.004235472 -0.000520351 0.999990880 71.662719727
0.999949276 0.009149292 -0.004205693 0.200415149 -0.009146767 0.999957979 0.000619226 -1.143506885 0.004211182 -0.000580727 0.999990940 71.662117004
0.999948382 0.009212661 -0.004280383 0.201540336 -0.009210254 0.999957442 0.000581575 -1.143384337 0.004285559 -0.000542121 0.999990642 71.662170410
0.999948502 0.009161659 -0.004362656 0.201798975 -0.009159094 0.999957860 0.000607495 -1.143457055 0.004368038 -0.000567506 0.999990284 71.663238525
0.999948323 0.009221079 -0.004280929 0.201111957 -0.009218228 0.999957263 0.000685177 -1.143360615 0.004287065 -0.000645679 0.999990582 71.662544250
0.999948561 0.009186193 -0.004296204 0.201787889 -0.009183792 0.999957681 0.000578078 -1.143440723 0.004301332 -0.000538593 0.999990582 71.661781311
0.999949098 0.009194403 -0.004155635 0.199873075 -0.009191907 0.999957561 0.000619297 -1.143323541 0.004161153 -0.000581067 0.999991179 71.663032532
0.999948204 0.009247732 -0.004248774 0.200602904 -0.009245171 0.999957085 0.000621940 -1.143337131 0.004254343 -0.000582627 0.999990761 71.663528442
0.999949276 0.009099836 -0.004314996 0.200746611 -0.009097321 0.999958456 0.000602110 -1.143408418 0.004320296 -0.000562824 0.999990523 71.663772583
0.999948561 0.009214296 -0.004234672 0.200304970 -0.009211792 0.999957383 0.000610544 -1.143096209 0.004240117 -0.000571503 0.999990821 71.663276672
0.999949038 0.009129669 -0.004303093 0.201275870 -0.009127625 0.999958217 0.000494056 -1.143337965 0.004307423 -0.000454754 0.999990642 71.661888123
0.999948621 0.009187477 -0.004287327 0.200719640 -0.009185035 0.999957621 0.000588857 -1.143370390 0.004292556 -0.000549448 0.999990642 71.662368774
0.999948561 0.009226806 -0.004208767 0.200762436 -0.009224318 0.999957263 0.000610093 -1.143257141 0.004214217 -0.000571238 0.999990940 71.661460876
0.999948204 0.009257769 -0.004229489 0.201183707 -0.009255624 0.999957025 0.000526214 -1.143015146 0.004234179 -0.000487040 0.999990940 71.661842346
0.999947250 0.009340741 -0.004264901 0.200636685 -0.009338133 0.999956191 0.000631018 -1.143304229 0.004270609 -0.000591159 0.999990702 71.663154602
0.999948621 0.009206361 -0.004246847 0.200639665 -0.009203877 0.999957442 0.000604122 -1.143472672 0.004252227 -0.000565003 0.999990821 71.664070129
0.999948204 0.009255054 -0.004237975 0.200417548 -0.009252524 0.999957025 0.000616196 -1.143746734 0.004243495 -0.000576952 0.999990821 71.662681580
0.999947429 0.009374286 -0.004150544 0.199533612 -0.009372345 0.999955952 0.000486986 -1.142010331 0.004154927 -0.000448060 0.999991238 71.664306641
0.999948800 0.009243638 -0.004114904 0.199633092 -0.009241605 0.999957144 0.000512637 -1.142952204 0.004119466 -0.000474582 0.999991417 71.662590027
0.999948144 0.009259852 -0.004239836 0.200753927 -0.009257564 0.999956965 0.000558704 -1.142547488 0.004244827 -0.000519425 0.999990880 71.663688660
0.999947846 0.009287930 -0.004244037 0.199921533 -0.009285693 0.999956727 0.000546579 -1.142816901 0.004248930 -0.000507142 0.999990821 71.662757874
0.999949098 0.009152882 -0.004251808 0.201380327 -0.009150458 0.999957979 0.000589240 -1.143087029 0.004257023 -0.000550304 0.999990761 71.662849426
0.999948800 0.009176362 -0.004272002 0.201580986 -0.009174043 0.999957740 0.000562164 -1.142619848 0.004276980 -0.000522944 0.999990702 71.664100647
0.999949217 0.009155816 -0.004205622 0.200094730 -0.009153797 0.999957979 0.000499067 -1.142410278 0.004210015 -0.000460544 0.999991059 71.663116455
0.999948621 0.009190991 -0.004270775 0.201586798 -0.009188158 0.999957561 0.000682504 -1.143573761 0.004276867 -0.000643229 0.999990642 71.661750793
0.999948502 0.009230275 -0.004222776 0.200829729 -0.009227955 0.999957263 0.000568434 -1.143743515 0.004227843 -0.000529437 0.999990940 71.661636353
0.999948680 0.009204498 -0.004225736 0.200629309 -0.009201969 0.999957442 0.000617487 -1.143132687 0.004231239 -0.000578570 0.999990880 71.660926819
0.999949396 0.009118118 -0.004253582 0.201185703 -0.009115430 0.999958217 0.000650972 -1.143474221 0.004259340 -0.000612166 0.999990761 71.662696838
0.999949694 0.009094566 -0.004233619 0.200358331 -0.009091901 0.999958456 0.000648431 -1.143925667 0.004239340 -0.000609907 0.999990821 71.662826538
0.999948204 0.009233403 -0.004277423 0.201443449 -0.009230216 0.999957085 0.000764114 -1.144546390 0.004284295 -0.000724593 0.999990582 71.661476135
0.999948502 0.009236808 -0.004200197 0.200787380 -0.009234237 0.999957144 0.000630944 -1.143394709 0.004205845 -0.000592125 0.999991000 71.661941528
0.999948323 0.009229259 -0.004257691 0.200982645 -0.009226692 0.999957263 0.000622172 -1.143627048 0.004263251 -0.000582855 0.999990761 71.663772583
0.999947786 0.009265627 -0.004311654 0.201441109 -0.009262800 0.999956846 0.000674933 -1.143958569 0.004317722 -0.000634960 0.999990463 71.661994934
0.999948621 0.009194070 -0.004269769 0.201319888 -0.009191825 0.999957621 0.000544942 -1.143139362 0.004274598 -0.000505667 0.999990761 71.662292480
0.999949336 0.009112701 -0.004282554 0.202285066 -0.009110194 0.999958336 0.000604673 -1.143377066 0.004287886 -0.000565627 0.999990642 71.661262512
0.999948382 0.009221874 -0.004258559 0.201541469 -0.009219482 0.999957323 0.000581033 -1.143435001 0.004263735 -0.000541741 0.999990761 71.663009644
0.999949932 0.009063255 -0.004239659 0.199924007 -0.009060830 0.999958754 0.000590895 -1.142837524 0.004244840 -0.000552451 0.999990821 71.665237427
