1.000000000 0.000000000 0.000000000 0.000000000 0.000000000 1.000000000 0.000000000 0.000000000 0.000000000 0.000000000 1.000000000 0.000000000
0.999979496 -0.002387097 0.005941652 0.009108935 0.002399198 0.999995053 -0.002030452 0.003341239 -0.005936776 0.002044665 0.999980271 0.672053874
0.999933839 -0.004620153 0.010532536 0.023880204 0.004657384 0.999983013 -0.003513074 0.006607710 -0.010516126 0.003561896 0.999938369 1.340422153
0.999875486 -0.008061429 0.013564067 0.031125719 0.008109263 0.999961078 -0.003475180 0.007731246 -0.013535524 0.003584742 0.999901950 2.027755737
0.999830008 -0.011286982 0.014580817 0.046145089 0.011300758 0.999935746 -0.000862717 0.007175109 -0.014570142 0.001027345 0.999893308 2.708640337
0.999793351 -0.014248327 0.014501236 0.057156246 0.014234276 0.999898136 0.001071814 0.012127808 -0.014515031 -0.000865178 0.999894261 3.399437428
0.999784231 -0.016423123 0.012719230 0.062982224 0.016400095 0.999863684 0.001912566 0.012696943 -0.012748906 -0.001703557 0.999917269 4.090820789
0.999772906 -0.018974425 0.009700748 0.073992439 0.018962173 0.999819279 0.001353429 0.016039757 -0.009724676 -0.001169174 0.999952018 4.786417484
0.999759495 -0.021329304 0.005095051 0.077313311 0.021328853 0.999772489 0.000142491 0.023070078 -0.005096931 -0.000033785 0.999987006 5.483493805
0.999705195 -0.024238126 -0.001440215 0.073549345 0.024238257 0.999706209 0.000072536 0.026223350 0.001438034 -0.000107423 0.999998987 6.181455612
0.999608159 -0.026194539 -0.009869795 0.065783091 0.026208982 0.999655604 0.001336789 0.032344986 0.009831380 -0.001594942 0.999950409 6.890820026
0.999423444 -0.027755110 -0.019556642 0.048205044 0.027838765 0.999604344 0.004018363 0.037365030 0.019437375 -0.004560478 0.999800682 7.601553440
0.999097407 -0.029753014 -0.030317076 0.022548385 0.029943481 0.999534488 0.005847876 0.040977374 0.030128971 -0.006750397 0.999523222 8.323702812
0.998719633 -0.028501220 -0.041794285 -0.017218096 0.028821144 0.999559581 0.007072153 0.045518037 0.041574314 -0.008267657 0.999101222 9.046769142
0.998219013 -0.026913716 -0.053239677 -0.062985465 0.027313821 0.999603748 0.006801744 0.052513454 0.053035524 -0.008243809 0.998558581 9.764837265
0.997609496 -0.026421307 -0.063853249 -0.118658125 0.026777070 0.999630272 0.004722095 0.057330314 0.063704878 -0.006420610 0.997948110 10.491044044
0.996879935 -0.027141763 -0.074119247 -0.178593397 0.027499923 0.999614537 0.003815782 0.066692218 0.073987111 -0.005842151 0.997242093 11.222769737
0.996095240 -0.028695608 -0.083491839 -0.245268762 0.029055713 0.999572992 0.003100944 0.078180179 0.083367199 -0.005514750 0.996503651 11.939591408
0.995359182 -0.026080254 -0.092627697 -0.320685148 0.026404653 0.999648750 0.002278160 0.077071473 0.092535749 -0.004713389 0.995698214 12.665019989
0.994548321 -0.024372237 -0.101388492 -0.407773256 0.024687478 0.999693513 0.001855482 0.079899758 0.101312190 -0.004348393 0.994845152 13.410692215
0.993617654 -0.026799556 -0.109570704 -0.492442757 0.026905390 0.999637842 -0.000512743 0.080262199 0.109544769 -0.002438572 0.993978858 14.128067017
0.992660105 -0.029797202 -0.117209315 -0.574535310 0.029866681 0.999553204 -0.001163961 0.086740665 0.117191635 -0.002345236 0.993106544 14.847850800
0.991903543 -0.029835941 -0.123438738 -0.666313052 0.030111112 0.999546468 0.000363813 0.089677267 0.123371899 -0.004077744 0.992352128 15.559264183
0.991312504 -0.026657498 -0.128797859 -0.764924526 0.027206456 0.999626696 0.002504348 0.087298051 0.128683016 -0.005986725 0.991667688 16.278369904
0.990804732 -0.024623455 -0.133040100 -0.881825984 0.025429513 0.999667108 0.004362782 0.084720403 0.132888392 -0.007705810 0.991101027 17.019390106
0.990286112 -0.024174444 -0.136926994 -0.980987251 0.025061430 0.999674618 0.004757345 0.088649943 0.136767417 -0.008142719 0.990569711 17.727552414
0.989745557 -0.026249310 -0.140409082 -1.080139518 0.027332755 0.999609590 0.005793140 0.100142673 0.140202194 -0.009571501 0.990076602 18.441772461
0.989387393 -0.025718031 -0.143007725 -1.188345194 0.027169906 0.999597132 0.008208594 0.098371170 0.142739013 -0.012006986 0.989687502 19.142707825
0.989146292 -0.025164576 -0.144762963 -1.299906492 0.026887560 0.999588847 0.009957669 0.099819854 0.144452855 -0.013741915 0.989416242 19.857126236
0.988927007 -0.024416910 -0.146380439 -1.405780077 0.026191017 0.999604881 0.010204504 0.110086329 0.146073431 -0.013925362 0.989175737 20.571193695
0.988897324 -0.023842983 -0.146675140 -1.508307457 0.025447531 0.999634981 0.009072534 0.117204949 0.146405280 -0.012704324 0.989143133 21.268001556
0.989107728 -0.023561353 -0.145295352 -1.613058448 0.024752827 0.999673128 0.006397737 0.120892391 0.145097122 -0.009924522 0.989367664 21.952777863
0.989442587 -0.024066605 -0.142913118 -1.713823318 0.024970982 0.999677896 0.004537737 0.124920204 0.142757878 -0.008058512 0.989724815 22.640544891
0.989930630 -0.024759978 -0.139370903 -1.819146633 0.025547929 0.999666095 0.003867144 0.140286058 0.139228612 -0.007388842 0.990232706 23.358816147
0.990530789 -0.024895359 -0.135014564 -1.913605332 0.025959034 0.999644279 0.006123181 0.145110130 0.134814098 -0.009570046 0.990824699 24.045970917
0.991044164 -0.026863413 -0.130804494 -1.997822404 0.028006027 0.999583900 0.006903238 0.150071636 0.130564630 -0.010504727 0.991384149 24.726779938
0.991467416 -0.026694767 -0.127592295 -2.085404873 0.027826320 0.999587595 0.007093929 0.145792216 0.127350301 -0.010583823 0.991801322 25.414272308
0.991869450 -0.029060306 -0.123897135 -2.186611414 0.029863771 0.999543250 0.004632302 0.147423029 0.123705924 -0.008294675 0.992284238 26.124259949
0.992175341 -0.030006886 -0.121192627 -2.264978647 0.030335909 0.999539375 0.000870326 0.148816481 0.121110685 -0.004540004 0.992628634 26.794805527
0.992475569 -0.030594485 -0.118558891 -2.340489149 0.030713055 0.999527872 -0.000827303 0.153103992 0.118528232 -0.002820227 0.992946684 27.463836670
0.992903292 -0.028415564 -0.115479939 -2.423928261 0.028422531 0.999594748 -0.001586638 0.158670127 0.115478225 -0.001706854 0.993308544 28.143743515
0.993223965 -0.028140342 -0.112757802 -2.518000364 0.028296188 0.999599576 -0.000218359 0.152099580 0.112718791 -0.002973736 0.993622482 28.837835312
0.993512690 -0.025491722 -0.110827200 -2.592039824 0.025767021 0.999667406 0.001052261 0.156515151 0.110763520 -0.003901121 0.993839145 29.507274628
0.993866086 -0.023798915 -0.107999079 -2.665743828 0.024064485 0.999709725 0.001156208 0.156095147 0.107940212 -0.003748058 0.994150341 30.168857574
0.994174600 -0.020535065 -0.105807312 -2.751284122 0.020744113 0.999784410 0.000875495 0.155386582 0.105766527 -0.003065273 0.994386256 30.843240738
0.994389176 -0.020427903 -0.103792682 -2.819711208 0.020620402 0.999787092 0.000781846 0.161548227 0.103754610 -0.002917705 0.994598627 31.500032425
0.994621873 -0.018811142 -0.101849973 -2.896301031 0.019049350 0.999817610 0.001366613 0.164513156 0.101805694 -0.003299439 0.994798839 32.155448914
0.994792342 -0.019245325 -0.100088857 -2.962568045 0.019500336 0.999808609 0.001570039 0.155109271 0.100039490 -0.003513629 0.994977236 32.815544128
0.994884849 -0.019308133 -0.099153161 -3.030673504 0.019497383 0.999809444 0.000939939 0.158899844 0.099116117 -0.002868358 0.995071769 33.470478058
0.994844317 -0.021760896 -0.099051587 -3.098902464 0.021864356 0.999760926 -0.000041019 0.160671383 0.099028803 -0.002124892 0.995082319 34.136768341
0.994639456 -0.023957288 -0.100590259 -3.161344767 0.024032023 0.999711096 -0.000468922 0.156913966 0.100572437 -0.001950979 0.994927824 34.814670563
0.994438469 -0.023832971 -0.102587253 -3.232626438 0.023963751 0.999712825 0.000042393 0.160667151 0.102556780 -0.002500533 0.994724035 35.471805573
0.994239926 -0.022792790 -0.104725778 -3.307141066 0.023032011 0.999734163 0.001075331 0.163734078 0.104673430 -0.003481182 0.994500577 36.130367279
0.994049251 -0.021630991 -0.106762461 -3.383262396 0.022093676 0.999750912 0.003152777 0.167996034 0.106667668 -0.005492791 0.994279563 36.782123566
0.993840992 -0.019371809 -0.109109327 -3.457419634 0.020226467 0.999772787 0.006731641 0.168336749 0.108954132 -0.008897076 0.994006991 37.456596375
0.993624508 -0.018675914 -0.111182302 -3.532912254 0.019806569 0.999762654 0.009073498 0.176047072 0.110986456 -0.011217790 0.993758619 38.113456726
0.993387997 -0.017831739 -0.113411918 -3.610350609 0.019109348 0.999765515 0.010187994 0.180044919 0.113203652 -0.012287859 0.993495822 38.756954193
0.993135393 -0.016971763 -0.115732521 -3.694117069 0.018176835 0.999790907 0.009365064 0.185531586 0.115549386 -0.011404428 0.993236244 39.427997589
0.992872953 -0.018454555 -0.117740221 -3.769946575 0.019338222 0.999792755 0.006367129 0.195476741 0.117598318 -0.008598637 0.993023992 40.066329956
0.992536485 -0.020474028 -0.120217070 -3.844233751 0.020981591 0.999775469 0.002957689 0.204054609 0.120129526 -0.005457960 0.992743194 40.708221436
0.992252886 -0.021968601 -0.122276753 -3.926465511 0.022392770 0.999747038 0.002095627 0.206935197 0.122199789 -0.004817507 0.992493808 41.362236023
0.991977751 -0.023628952 -0.124184713 -4.006264687 0.023953401 0.999712467 0.001119972 0.210700601 0.124122538 -0.004085633 0.992258489 42.000122070
0.991595030 -0.025783233 -0.126785159 -4.084728718 0.025971791 0.999662638 -0.000165923 0.214822292 0.126746655 -0.003128309 0.991930187 42.651130676
0.991141617 -0.027474016 -0.129936635 -4.165065289 0.027445063 0.999621272 -0.002013819 0.214660704 0.129942745 -0.001570139 0.991520226 43.300014496
0.990629673 -0.028812079 -0.133501738 -4.256036282 0.028508876 0.999584794 -0.004182539 0.215526581 0.133566827 0.000337364 0.991039753 43.962596893
0.990168631 -0.029225353 -0.136791483 -4.347383022 0.028800994 0.999572277 -0.005080804 0.221105233 0.136881471 0.001091122 0.990586817 44.611518860
0.989698231 -0.028892597 -0.140223369 -4.439424992 0.028716601 0.999582231 -0.003278741 0.225402296 0.140259519 -0.000781774 0.990114450 45.270095825
0.989348829 -0.025263069 -0.143355057 -4.543907642 0.025404464 0.999676883 -0.000844263 0.228474289 0.143330067 -0.002806588 0.989670992 45.942687988
0.988951504 -0.022978511 -0.146447584 -4.648696423 0.023500765 0.999722123 0.001836773 0.231115669 0.146364674 -0.005258109 0.989216745 46.611248016
0.988486886 -0.022468995 -0.149629116 -4.755449772 0.023421474 0.999715090 0.004606221 0.234892666 0.149482980 -0.008057723 0.988731444 47.277599335
0.988042414 -0.022599315 -0.152516976 -4.869957924 0.023584597 0.999711037 0.004653893 0.238812447 0.152367726 -0.008195295 0.988289893 47.951805115
0.987643123 -0.022727231 -0.155062973 -4.987517834 0.023708198 0.999708891 0.004479638 0.245432794 0.154916018 -0.008100548 0.987894416 48.650413513
0.987205148 -0.020867879 -0.158083886 -5.100612164 0.021663031 0.999759853 0.003308296 0.251995027 0.157976896 -0.006690543 0.987420142 49.335155487
0.986836135 -0.019009955 -0.160602227 -5.224709034 0.019679077 0.999803007 0.002576633 0.260415167 0.160521612 -0.005703218 0.987015843 50.034774780
0.986442566 -0.020474477 -0.162824616 -5.361036301 0.021063708 0.999776363 0.001893088 0.257676512 0.162749439 -0.005297112 0.986653209 50.754817963
0.986049533 -0.022748569 -0.164890468 -5.476743698 0.023134287 0.999732256 0.000418914 0.263986617 0.164836794 -0.004227693 0.986311793 51.478454590
0.985693693 -0.023887154 -0.166845202 -5.599617481 0.024113374 0.999709010 -0.000670095 0.267699778 0.166812658 -0.003362692 0.985982895 52.195426941
0.985445440 -0.022311220 -0.168521419 -5.732196808 0.022361103 0.999748647 -0.001601955 0.277015716 0.168514803 -0.002189685 0.985696673 52.914314270
0.985213339 -0.020764349 -0.170069247 -5.869680882 0.020538565 0.999784291 -0.003086985 0.272681117 0.170096651 -0.000451639 0.985427260 53.666519165
0.984981775 -0.020914255 -0.171386898 -6.001604557 0.020667732 0.999781191 -0.003222762 0.278258562 0.171416804 -0.000367816 0.985198557 54.410701752
0.984773517 -0.021771349 -0.172473446 -6.130349636 0.021641193 0.999762356 -0.002635194 0.280116826 0.172489822 -0.001137461 0.985010624 55.163833618
0.984675169 -0.021512561 -0.173066527 -6.270634651 0.021499926 0.999766946 -0.001947827 0.281131744 0.173068106 -0.001802940 0.984908223 55.928394318
0.984725237 -0.020355314 -0.172921538 -6.424239159 0.020599965 0.999787748 -0.000379874 0.280387640 0.172892570 -0.003188107 0.984935522 56.733646393
0.984770000 -0.018177567 -0.172909468 -6.564354897 0.018570678 0.999827325 0.000655932 0.285495818 0.172867700 -0.003856987 0.984937489 57.510471344
0.984880626 -0.019356932 -0.172149658 -6.702287674 0.019777078 0.999804139 0.000725651 0.287630349 0.172101900 -0.004119297 0.985070527 58.308483124
0.985063195 -0.020462787 -0.170973137 -6.853937626 0.020842120 0.999782681 0.000423837 0.295447022 0.170927301 -0.003980948 0.985275626 59.109298706
0.985062838 -0.023793785 -0.170543581 -6.992888451 0.024157053 0.999708176 0.000054967 0.292556345 0.170492500 -0.004173976 0.985350132 59.931049347
0.985163629 -0.023432728 -0.170010433 -7.132431030 0.023714487 0.999718726 -0.000373426 0.298566401 0.169971362 -0.003663824 0.985442221 60.725498199
0.985318899 -0.021752182 -0.169332504 -7.278438091 0.021809248 0.999760985 -0.001523152 0.298265129 0.169325158 -0.002192223 0.985557795 61.526645660
0.985336959 -0.023849092 -0.168944523 -7.418991566 0.024016285 0.999711037 -0.001053992 0.309215724 0.168920845 -0.003018883 0.985624969 62.334503174
0.985337913 -0.024888178 -0.168789268 -7.560063362 0.025600344 0.999670148 0.002044086 0.307418346 0.168682724 -0.006335178 0.985650063 63.139518738
0.985391974 -0.023249622 -0.168707028 -7.701696873 0.024486884 0.999686301 0.005256751 0.304770350 0.168531895 -0.009311070 0.985652208 63.936683655
0.985264361 -0.022832831 -0.169507399 -7.844832897 0.024168611 0.999690950 0.005820954 0.309385478 0.169322103 -0.009831936 0.985511720 64.731636047
0.985032856 -0.022993950 -0.170826003 -7.985464573 0.024270928 0.999690890 0.005390397 0.313572347 0.170649260 -0.009455824 0.985286474 65.518554688
0.984603226 -0.025025619 -0.173003599 -8.115313530 0.026170842 0.999648035 0.004341434 0.324752152 0.172834069 -0.008802240 0.984911621 66.325424194
0.984317005 -0.025030579 -0.174624011 -8.267247200 0.026516266 0.999629259 0.006179624 0.323241204 0.174404606 -0.010713086 0.984615803 67.111938477
0.983932376 -0.025480403 -0.176713899 -8.406232834 0.027251823 0.999599695 0.007604091 0.331477404 0.176449403 -0.012297687 0.984232903 67.891685486
0.983600020 -0.024881616 -0.178638995 -8.553456306 0.026652355 0.999616504 0.007518978 0.338619828 0.178383395 -0.012156816 0.983885944 68.668510437
0.983297229 -0.025824046 -0.180165842 -8.706290245 0.027675955 0.999586701 0.007772369 0.344786733 0.179890677 -0.012628810 0.983605564 69.467117310
0.982916892 -0.025175601 -0.182320118 -8.854598999 0.026615344 0.999630868 0.005453940 0.353392601 0.182115510 -0.010213282 0.983224094 70.241706848
0.982744813 -0.019943332 -0.183888182 -9.019035339 0.020890398 0.999776602 0.003214201 0.357212186 0.183783010 -0.007000236 0.982941926 71.014198303
0.982358932 -0.024610644 -0.185378656 -9.167891502 0.025051201 0.999686182 0.000034255 0.359615684 0.185319647 -0.004677610 0.982667148 71.798736572
0.981987715 -0.025345996 -0.187236980 -9.313978195 0.025584925 0.999671996 -0.001140794 0.366522014 0.187204480 -0.003670198 0.982314110 72.560882568
0.982049823 -0.023709916 -0.187125579 -9.466156006 0.024177413 0.999707639 0.000216111 0.367324889 0.187065750 -0.004736444 0.982335985 73.328704834
0.981768250 -0.022771787 -0.188712955 -9.623468399 0.023979915 0.999703944 0.004120937 0.369368553 0.188563243 -0.008571125 0.982023656 74.110099792
0.981392920 -0.024083685 -0.190493837 -9.771121025 0.025553480 0.999659598 0.005262725 0.374191880 0.190302253 -0.010032581 0.981674314 74.869079590
0.981261015 -0.022390174 -0.191377804 -9.928234100 0.023956597 0.999695718 0.005874841 0.373218298 0.191188037 -0.010349512 0.981498837 75.627342224
0.981235981 -0.022410529 -0.191503808 -10.081907272 0.023659907 0.999711096 0.004239590 0.377764523 0.191353455 -0.008691000 0.981482744 76.377716064
0.981202185 -0.019856533 -0.191958308 -10.232595444 0.021018146 0.999770999 0.004016827 0.386126488 0.191834599 -0.007975927 0.981394887 77.127426147
0.981358945 -0.015584006 -0.191551045 -10.388180733 0.016600948 0.999855340 0.003705214 0.390750676 0.191465586 -0.006816073 0.981475651 77.864318848
0.981669664 -0.011058645 -0.190269083 -10.538333893 0.012477917 0.999902546 0.006262843 0.395508707 0.190181285 -0.008522204 0.981711984 78.599586487
0.982037246 -0.008523354 -0.188494489 -10.688114166 0.010388073 0.999906361 0.008906986 0.400617748 0.188400909 -0.010705086 0.982033849 79.329765320
0.982574940 -0.006431052 -0.185755640 -10.828721046 0.008985217 0.999876261 0.012911553 0.410122156 0.185649619 -0.014355622 0.982511163 80.055625916
0.983465552 -0.003950551 -0.181052074 -10.966582298 0.006880929 0.999855280 0.015560042 0.414526045 0.180964395 -0.016548572 0.983350396 80.775344849
0.984512806 -0.003563347 -0.175276473 -11.094383240 0.006496364 0.999848247 0.016162733 0.423824072 0.175192282 -0.017051077 0.984386563 81.482032776
0.985583425 -0.003997539 -0.169142842 -11.220703125 0.006637128 0.999864817 0.015043178 0.436374068 0.169059843 -0.015948929 0.985476732 82.186302185
0.986849785 -0.006405433 -0.161513209 -11.334400177 0.008281324 0.999905825 0.010943958 0.442642331 0.161427900 -0.012137585 0.986809850 82.875823975
0.988221765 -0.008779196 -0.152776554 -11.438690186 0.009648903 0.999941170 0.004952174 0.445516080 0.152724102 -0.006367972 0.988248348 83.574340820
0.989703834 -0.007854341 -0.142914653 -11.533744812 0.007916203 0.999968648 -0.000135733 0.447774708 0.142911240 -0.000997006 0.989735007 84.232719421
0.991389215 -0.006251653 -0.130798891 -11.623546600 0.005893043 0.999977767 -0.003128581 0.452033073 0.130815536 0.002330838 0.991403997 84.895454407
0.993107498 -0.006796723 -0.117009968 -11.697947502 0.006669317 0.999976635 -0.001480347 0.454354465 0.117017299 0.000689767 0.993129611 85.546508789
0.994519114 -0.011257031 -0.103947245 -11.754060745 0.011638504 0.999927580 0.003064041 0.458920240 0.103905223 -0.004257037 0.994578063 86.200653076
0.995932460 -0.012620155 -0.089214616 -11.808498383 0.013274970 0.999889076 0.006750226 0.461941659 0.089119531 -0.007907091 0.995989561 86.849845886
0.997228205 -0.011297280 -0.073541388 -11.852190971 0.011952272 0.999892652 0.008472430 0.463986427 0.073437780 -0.009327932 0.997256160 87.483627319
0.998330057 -0.009294292 -0.057015117 -11.891139030 0.009791393 0.999916375 0.008445605 0.467335910 0.056931853 -0.008989759 0.998337567 88.117492676
0.999238133 -0.008166593 -0.038163587 -11.912026405 0.008392236 0.999948204 0.005756072 0.464714110 0.038114604 -0.006071964 0.999254942 88.745010376
0.999831021 -0.007658524 -0.016711650 -11.906868935 0.007712918 0.999965131 0.003192825 0.472088605 0.016686616 -0.003321181 0.999855280 89.348228455
0.999953330 -0.005294821 0.008080255 -11.906734467 0.005280741 0.999984503 0.001762805 0.468055785 -0.008089463 -0.001720053 0.999965787 89.970031738
0.999344945 -0.002541538 0.036100145 -11.875839233 0.002493516 0.999995947 0.001375219 0.468383759 -0.036103494 -0.001284302 0.999347210 90.573738098
0.997779131 -0.001068906 0.066601060 -11.820690155 0.001049582 0.999999404 0.000325136 0.479839116 -0.066601373 -0.000254511 0.997779608 91.179328918
0.995062768 0.000611058 0.099245697 -11.760527611 -0.000733564 0.999998987 0.001197876 0.474980116 -0.099244870 -0.001264765 0.995062232 91.797401428
0.991135180 0.000946498 0.132853985 -11.665476799 -0.001288869 0.999996066 0.002491078 0.480155051 -0.132851109 -0.002640226 0.991132498 92.385955811
0.985911846 0.000805065 0.167263821 -11.563771248 -0.001336602 0.999994397 0.003065287 0.477368981 -0.167260408 -0.003245668 0.985907435 92.960365295
0.979603112 -0.001462480 0.200936794 -11.418363571 0.000861265 0.999994874 0.003079446 0.478241086 -0.200940266 -0.002843575 0.979599357 93.517265320
0.971878529 -0.002042982 0.235473841 -11.264456749 0.001348890 0.999994278 0.003108680 0.479734242 -0.235478848 -0.002703632 0.971875727 94.074508667
0.962694466 -0.001113435 0.270588577 -11.088843346 0.000491284 0.999997079 0.002366974 0.483049780 -0.270590425 -0.002145737 0.962692201 94.640258789
0.951990783 0.001973080 0.306120396 -10.900304794 -0.002313913 0.999997020 0.000750521 0.489182293 -0.306118011 -0.001422825 0.951992512 95.188697815
0.940022826 0.002314723 0.341103703 -10.677621841 -0.002326340 0.999997199 -0.000374972 0.489293545 -0.341103613 -0.000441041 0.940025628 95.736129761
0.926815808 0.000782595 0.375515491 -10.432473183 -0.000442660 0.999999404 -0.000991519 0.498154849 -0.375516057 0.000752730 0.926815569 96.280509949
0.911976695 -0.000485221 0.410241723 -10.163342476 0.001122142 0.999998510 -0.001311782 0.498996884 -0.410240471 0.001656664 0.911975861 96.827209473
0.895444393 -0.000223835 0.445173383 -9.892752647 0.001277199 0.999997079 -0.002066220 0.499591380 -0.445171595 0.002418760 0.895442009 97.355216980
0.877488971 0.001162754 0.479595453 -9.587026596 0.000512080 0.999994218 -0.003361358 0.498214185 -0.479596585 0.003195146 0.877483249 97.883728027
0.858155429 0.002438745 0.513384223 -9.255417824 0.000400812 0.999985218 -0.005420245 0.504760742 -0.513389826 0.004857183 0.858141780 98.410942078
0.837861300 0.001195630 0.545881808 -8.902683258 0.002897222 0.999973774 -0.006637093 0.502765000 -0.545875430 0.007142504 0.837835908 98.904426575
0.815608919 0.000386705 0.578603446 -8.525686264 0.005817951 0.999943733 -0.008869384 0.504926801 -0.578574300 0.010600235 0.815560818 99.406410217
0.792685688 0.001460848 0.609628797 -8.123592377 0.006312456 0.999923825 -0.010604043 0.505439460 -0.609597862 0.012253928 0.792616129 99.893814087
0.768679738 0.001347355 0.639632463 -7.713865280 0.006628562 0.999927282 -0.010072188 0.499360949 -0.639599562 0.011982131 0.768614888 100.363433838
0.743882716 0.000629502 0.668309927 -7.269416809 0.007213376 0.999933720 -0.008970938 0.496338367 -0.668271303 0.011494096 0.743828893 100.823730469
0.718566895 -0.001845319 0.695455492 -6.801118851 0.010845683 0.999904633 -0.008552965 0.489203036 -0.695373356 0.013688566 0.718518317 101.274734497
0.691888928 -0.002648378 0.721999109 -6.331439972 0.013445045 0.999867141 -0.009216704 0.489835143 -0.721878767 0.016084246 0.691832602 101.710891724
0.665689349 -0.001380526 0.746227682 -5.828886032 0.014873079 0.999824166 -0.011418188 0.482160211 -0.746080697 0.018699670 0.665592909 102.137977600
0.641124547 0.002145196 0.767433941 -5.307876587 0.015672691 0.999750912 -0.015887767 0.479947090 -0.767276883 0.022213791 0.640931249 102.555480957
0.618563116 0.005663254 0.785714746 -4.774593353 0.017014490 0.999643028 -0.020600058 0.469047427 -0.785550892 0.026110973 0.618245959 102.970214844
0.599047959 0.007743117 0.800675690 -4.220226288 0.020072065 0.999493778 -0.024683312 0.460557342 -0.800461531 0.030857703 0.598589301 103.362770081
0.583402038 0.006872939 0.812154531 -3.644783020 0.023822142 0.999389172 -0.025569804 0.453579903 -0.811834157 0.034264736 0.582881927 103.747795105
0.569410622 0.005325163 0.822036028 -3.062160492 0.024417114 0.999428272 -0.023387641 0.440089941 -0.821690559 0.033388916 0.568955064 104.152755737
0.558812857 0.004586111 0.829281151 -2.462936401 0.022555098 0.999530733 -0.020726433 0.428698301 -0.828987062 0.030286714 0.558447182 104.550682068
0.549924195 0.002132976 0.835211933 -1.854225159 0.021824641 0.999618590 -0.016922727 0.417750359 -0.834929466 0.027534418 0.549667895 104.956695557
0.543440700 0.003216198 0.839441419 -1.231166840 0.019376934 0.999678135 -0.016374435 0.408042252 -0.839223921 0.025164334 0.543203473 105.362609863
0.538099051 0.004599966 0.842869043 -0.607093811 0.018592168 0.999677002 -0.017325241 0.402322888 -0.842676520 0.024993459 0.537839770 105.776657104
0.535301924 0.003950152 0.844651520 0.025836945 0.020374252 0.999637723 -0.017587248 0.394780993 -0.844415009 0.026623631 0.535027504 106.173263550
0.533181846 0.004671482 0.845987797 0.667732239 0.021035492 0.999602377 -0.018777302 0.388008416 -0.845739126 0.027807485 0.532871604 106.583465576
0.531364202 0.004045893 0.847133815 1.354351044 0.023149816 0.999545813 -0.019294517 0.386559010 -0.846827149 0.029863408 0.531029165 107.005493164
0.530522883 0.004296415 0.847659767 2.017654419 0.022543458 0.999561965 -0.019175565 0.379609525 -0.847370803 0.029282257 0.530193627 107.419120789
0.529327631 0.005034118 0.848402619 2.692081451 0.022063505 0.999562502 -0.019696711 0.369321108 -0.848130584 0.029144749 0.528985023 107.849174500
0.527724087 0.005668638 0.849396944 3.395832062 0.021505529 0.999568045 -0.020032067 0.360271931 -0.849143565 0.028838135 0.527374268 108.293365479
0.527006865 0.006327455 0.849837542 4.090221405 0.022117080 0.999531507 -0.021157390 0.352864742 -0.849573255 0.029946012 0.526619971 108.714866638
0.525444984 0.006651983 0.850801528 4.792194366 0.021980919 0.999529541 -0.021389967 0.337018967 -0.850543559 0.029940652 0.525051594 109.160339355
0.524109006 0.006208197 0.851628602 5.496089935 0.022513257 0.999522984 -0.021141421 0.326558948 -0.851353645 0.030253343 0.523719192 109.592056274
0.522908568 0.006414609 0.852364719 6.232547760 0.021679817 0.999548078 -0.020822393 0.314213514 -0.852113068 0.029367317 0.522533178 110.050216675
0.521720171 0.005089532 0.853101552 6.960853577 0.021652894 0.999581039 -0.019205397 0.306129515 -0.852841914 0.028491959 0.521391392 110.499923706
0.520043373 0.002895864 0.854134977 7.685779572 0.021482307 0.999633551 -0.016468748 0.293898165 -0.853869677 0.026913254 0.519790590 110.947784424
0.518455505 0.000824016 0.855104208 8.412105560 0.021126809 0.999681950 -0.013772666 0.281729043 -0.854843557 0.025206137 0.518273234 111.389221191
0.516010940 -0.000392569 0.856581926 9.143592834 0.021433998 0.999692678 -0.012453834 0.272063196 -0.856313825 0.024786288 0.515860796 111.830718994
0.513804018 -0.000244538 0.857907593 9.862533569 0.020713888 0.999711990 -0.012120667 0.266257703 -0.857657552 0.023998249 0.513661087 112.261917114
0.510827005 -0.000291417 0.859683573 10.597393036 0.021137025 0.999701917 -0.012220817 0.258826017 -0.859423697 0.024413874 0.510680914 112.705642700
0.508755982 -0.000374007 0.860910714 11.315498352 0.021394394 0.999696553 -0.012208737 0.251537323 -0.860644877 0.024629930 0.508609653 113.126930237
0.505873859 -0.000100158 0.862607479 12.046703339 0.021127766 0.999701440 -0.012274248 0.240246296 -0.862348676 0.024434188 0.505724907 113.558303833
0.503057122 0.000737504 0.864252806 12.765647888 0.020767022 0.999700606 -0.012940983 0.228053749 -0.864003599 0.024458012 0.502891183 113.974075317
0.499998868 0.001786586 0.866024315 13.486248016 0.019675352 0.999716341 -0.013421952 0.219070375 -0.865802646 0.023750292 0.499821901 114.393066406
0.495475173 0.003412585 0.868615448 14.207691193 0.017914847 0.999739408 -0.014146718 0.209718466 -0.868437350 0.022570459 0.495284915 114.813964844
0.491868973 0.004363029 0.870658278 14.920387268 0.017637797 0.999732316 -0.014974125 0.197909892 -0.870490551 0.022721801 0.491660357 115.214630127
0.487669528 0.005771100 0.873009205 15.637794495 0.017118976 0.999722660 -0.016171537 0.189962506 -0.872860432 0.022831390 0.487435460 115.619781494
0.483622611 0.005689889 0.875258148 16.344337463 0.017142506 0.999725521 -0.015971094 0.180187345 -0.875108719 0.022728100 0.483392298 116.013244629
0.479652762 0.003713938 0.877450526 17.055597305 0.018641204 0.999722242 -0.014421566 0.175840437 -0.877260327 0.023274079 0.479450285 116.401000977
0.475433946 0.000532444 0.879751265 17.758092880 0.019289237 0.999753118 -0.011029333 0.164874494 -0.879539967 0.022213450 0.475306273 116.778594971
0.471146286 -0.000194762 0.882055104 18.468946457 0.017643476 0.999801993 -0.009203433 0.155132204 -0.881878674 0.019898681 0.471056402 117.165008545
0.466333330 0.001966723 0.884606898 19.170717239 0.016611349 0.999801755 -0.010979746 0.140546322 -0.884453118 0.019814735 0.466208220 117.534439087
0.461131930 0.003839927 0.887323320 19.868074417 0.016264971 0.999786019 -0.012779338 0.131924748 -0.887182593 0.020325249 0.460970819 117.896194458
0.455562532 0.004043218 0.890194595 20.576154709 0.017110802 0.999765158 -0.013297440 0.128435850 -0.890039325 0.021289758 0.455386341 118.256439209
0.449809253 0.002175759 0.893122077 21.290031433 0.017680667 0.999779344 -0.011340232 0.123442471 -0.892949700 0.020891935 0.449671566 118.606086731
0.443998873 0.001257765 0.896026433 21.979377747 0.016428616 0.999819517 -0.009544168 0.113819659 -0.895876706 0.018958075 0.443898082 118.953308105
0.438512325 0.001038288 0.898724616 22.680210114 0.016488042 0.999821723 -0.009200051 0.108872890 -0.898573995 0.018852543 0.438417017 119.290878296
0.432755470 0.001638466 0.901509821 23.385196686 0.017422393 0.999796391 -0.010180442 0.102918744 -0.901342988 0.020112101 0.432638764 119.630371094
0.426946580 0.002783173 0.904272616 24.087589264 0.019179827 0.999742448 -0.012132647 0.097890019 -0.904073477 0.022523783 0.426783204 119.954071045
0.419539452 0.005156731 0.907722592 24.794967651 0.018765433 0.999720871 -0.014352551 0.090688407 -0.907543242 0.023055267 0.419325590 120.285522461
0.410934329 0.007031295 0.911637902 25.500968933 0.017429691 0.999726892 -0.015567402 0.082356334 -0.911498368 0.022286747 0.410699546 120.604583740
0.401009023 0.007810395 0.916040838 26.215244293 0.017429771 0.999717593 -0.016153958 0.075730085 -0.915908277 0.022444263 0.400759637 120.913299561
0.389956176 0.007103289 0.920806050 26.933506012 0.016793150 0.999749064 -0.014824077 0.062432468 -0.920680285 0.021243975 0.389739037 121.219787598
0.378336906 0.006817912 0.925642848 27.663471222 0.016679794 0.999760330 -0.014181342 0.053255200 -0.925517678 0.020804856 0.378132522 121.511001587
0.365153253 0.006903798 0.930921912 28.395717621 0.017081900 0.999754488 -0.014114629 0.044454634 -0.930790782 0.021055916 0.364945650 121.796310425
0.351269901 0.007306451 0.936245799 29.141803741 0.016142644 0.999773622 -0.013858778 0.038630366 -0.936135113 0.019981652 0.351072431 122.076835632
0.336681247 0.008367892 0.941581488 29.884178162 0.016032314 0.999764621 -0.014617641 0.030634284 -0.941482186 0.020017216 0.336467803 122.332397461
0.321178377 0.010134717 0.946964562 30.646530151 0.014602876 0.999770820 -0.015652670 0.023579359 -0.946906209 0.018855704 0.320956767 122.591804504
0.305074811 0.012373657 0.952248037 31.407749176 0.014216251 0.999745011 -0.017545348 0.015972257 -0.952222288 0.018890040 0.304821134 122.832290649
0.288461983 0.015025184 0.957373559 32.191959381 0.014075852 0.999702275 -0.019930635 0.002947807 -0.957387984 0.019225080 0.288164616 123.071273804
0.272399127 0.018952621 0.961997747 32.963180542 0.014174088 0.999618471 -0.023707334 -0.011844754 -0.962080002 0.020093298 0.272026539 123.280784607
0.255595624 0.022614995 0.966519296 33.745075226 0.013293128 0.999549627 -0.026903216 -0.025239468 -0.966692448 0.019724408 0.255179882 123.496261597
0.239570856 0.024904514 0.970559537 34.528358459 0.013540513 0.999487996 -0.028989134 -0.046875715 -0.970784545 0.020086825 0.239110947 123.686622620
0.224422157 0.023106843 0.974218190 35.316062927 0.014099353 0.999537230 -0.026955320 -0.062214136 -0.974390209 0.019785218 0.223992527 123.862854004
0.211007833 0.020281529 0.977273941 36.124389648 0.014982377 0.999600172 -0.023979785 -0.077359676 -0.977369547 0.019701809 0.210619569 124.036697388
0.200082004 0.017193299 0.979628384 36.928184509 0.017695609 0.999619544 -0.021158364 -0.091327071 -0.979619443 0.021568531 0.199701667 124.190734863
0.190981328 0.016247829 0.981459200 37.730518341 0.020766316 0.999572337 -0.020588590 -0.109308720 -0.981374025 0.024313329 0.190562248 124.341903687
0.183108687 0.017794704 0.982931674 38.525554657 0.020902166 0.999539673 -0.021989202 -0.124376297 -0.982870460 0.024571814 0.182652414 124.485473633
0.175341010 0.020979010 0.984284222 39.334663391 0.021135923 0.999462306 -0.025067681 -0.138768673 -0.984280825 0.025199147 0.174803317 124.632202148
0.169117689 0.024002137 0.985303640 40.131202698 0.021155199 0.999384701 -0.027976241 -0.156316996 -0.985368848 0.025575573 0.168505847 124.767013550
0.163723946 0.025601776 0.986174047 40.933574677 0.022723665 0.999300063 -0.029715111 -0.174714327 -0.986244559 0.027274566 0.163027585 124.898620605
0.159919679 0.025147999 0.986809671 41.753452301 0.023310745 0.999300480 -0.029243991 -0.192122221 -0.986854732 0.027679957 0.159221590 125.033645630
0.157891870 0.023137828 0.987185299 42.585807800 0.023442881 0.999355853 -0.027172571 -0.212580204 -0.987178087 0.027432794 0.157247722 125.166839600
0.156698465 0.021287885 0.987417161 43.401729584 0.022439897 0.999432862 -0.025108047 -0.227088213 -0.987391651 0.026091933 0.156131923 125.293960571
0.155933380 0.020047210 0.987564266 44.227661133 0.022580720 0.999460399 -0.023854131 -0.252059221 -0.987509608 0.026019566 0.155396521 125.424865723
0.155676723 0.020721804 0.987590671 45.052013397 0.023053844 0.999431431 -0.024604294 -0.270308495 -0.987538993 0.026598077 0.155110478 125.570724487
0.156484663 0.021719245 0.987441659 45.870513916 0.022639630 0.999416649 -0.025570458 -0.286010027 -0.987420976 0.026356697 0.155901670 125.706504822
0.157431304 0.022659456 0.987269998 46.698650360 0.023295643 0.999373317 -0.026652001 -0.304821968 -0.987255216 0.027194947 0.156804740 125.839920044
0.158762455 0.023210669 0.987044036 47.516788483 0.023199534 0.999359906 -0.027231846 -0.324337959 -0.987044275 0.027222356 0.158122361 125.971801758
0.159921229 0.023273325 0.986855447 48.345706940 0.023863709 0.999338686 -0.027434871 -0.343447447 -0.986841381 0.027937451 0.159260094 126.105415344
0.161697090 0.023131140 0.986569405 49.163600922 0.024688497 0.999317527 -0.027476443 -0.361106873 -0.986531675 0.028799778 0.161015689 126.241409302
0.163664699 0.023008650 0.986247778 49.983222961 0.024127232 0.999335587 -0.027317828 -0.379487991 -0.986221015 0.028266393 0.163000822 126.384216309
0.164932370 0.022830583 0.986040652 50.820075989 0.025021199 0.999313474 -0.027323129 -0.402332067 -0.985987484 0.029178387 0.164247870 126.534690857
0.166984558 0.022183992 0.985709906 51.639865875 0.026297584 0.999290943 -0.026944593 -0.419724703 -0.985608757 0.030421121 0.166282773 126.678131104
0.168631911 0.020307167 0.985469878 52.462852478 0.027993461 0.999285817 -0.025382059 -0.443896770 -0.985281527 0.031866938 0.167943001 126.821578979
0.170906961 0.018136095 0.985120356 53.276359558 0.029655002 0.999282956 -0.023541635 -0.464430809 -0.984840930 0.033237174 0.170246601 126.954284668
0.172466636 0.016946010 0.984869599 54.094058990 0.030423772 0.999283314 -0.022521714 -0.482093096 -0.984545410 0.033847693 0.171827435 127.109565735
0.174029171 0.018549277 0.984565794 54.898284912 0.031612497 0.999202013 -0.024412762 -0.499632239 -0.984232962 0.035373114 0.173303902 127.255668640
0.175848305 0.022002310 0.984171331 55.713165283 0.032588359 0.999072134 -0.028158206 -0.519292355 -0.983877659 0.037024103 0.174968123 127.394210815
0.176939607 0.025615215 0.983888328 56.516166687 0.033373591 0.998930275 -0.032008640 -0.539289951 -0.983655691 0.038499482 0.175895452 127.538322449
0.178069413 0.027783684 0.983625710 57.301345825 0.032614730 0.998885453 -0.034119088 -0.561370134 -0.983477414 0.038156252 0.176964760 127.677009583
0.178373575 0.027681919 0.983573496 58.101680756 0.031514246 0.998930633 -0.033829331 -0.584048510 -0.983458161 0.037030835 0.177310407 127.816589355
0.176574886 0.024231365 0.983989000 58.868511200 0.031887051 0.999031365 -0.030323867 -0.613903284 -0.983770669 0.036730938 0.175631166 127.963447571
0.174428701 0.022398872 0.984414995 59.675048828 0.031505324 0.999102414 -0.028315498 -0.633078575 -0.984165668 0.035953347 0.173566461 128.108306885
0.170939803 0.019381635 0.985090852 60.445110321 0.031086598 0.999202669 -0.025053648 -0.660619736 -0.984790981 0.034905788 0.170201004 128.238647461
0.166220963 0.018540541 0.985914230 61.229415894 0.029258085 0.999290287 -0.023724874 -0.678441286 -0.985654354 0.032789536 0.165560484 128.374664307
0.159812272 0.017665805 0.986989379 62.033588409 0.025594560 0.999429584 -0.022032714 -0.687160969 -0.986815631 0.028782656 0.159268916 128.517852783
0.151168585 0.014109399 0.988407373 62.803462982 0.026585046 0.999478400 -0.018333398 -0.699556231 -0.988150477 0.029048288 0.150714636 128.635162354
0.141878545 0.013217349 0.989795983 63.577053070 0.027840290 0.999462008 -0.017337093 -0.714612365 -0.989492655 0.030015966 0.141434252 128.740081787
0.132071972 0.016102871 0.991109312 64.360000610 0.028017437 0.999407887 -0.019971212 -0.741549492 -0.990844131 0.030405981 0.131542623 128.842895508
0.123427331 0.023556020 0.992074072 65.113571167 0.027881663 0.999241233 -0.027195055 -0.754031658 -0.991961896 0.031017287 0.122676909 128.932312012
0.114801407 0.030307483 0.992926061 65.877281189 0.029061254 0.999004185 -0.033853050 -0.767437220 -0.992963314 0.032742053 0.113806307 129.032318115
0.106304646 0.031910721 0.993821561 66.624694824 0.031126561 0.998888254 -0.035402887 -0.786439419 -0.993846416 0.034697738 0.105193198 129.113388062
0.098958135 0.030891769 0.994611979 67.398269653 0.032009847 0.998901904 -0.034209810 -0.810394764 -0.994576633 0.035222717 0.097860634 129.179702759
0.091578543 0.029433941 0.995362759 68.148086548 0.031844892 0.998965263 -0.032470368 -0.833277702 -0.995288551 0.034670807 0.090546429 129.252990723
0.084778368 0.028581128 0.995989919 68.883087158 0.030436754 0.999047756 -0.031259649 -0.858325481 -0.995934904 0.032964841 0.083827674 129.318115234
0.078536093 0.028755631 0.996496618 69.619552612 0.028919697 0.999097526 -0.031109918 -0.883737803 -0.996491849 0.031261630 0.077633619 129.379394531
0.073439360 0.030255722 0.996840715 70.344665527 0.027668523 0.999093175 -0.032362491 -0.897832870 -0.996915877 0.029957790 0.072535634 129.436248779
0.070444405 0.030306319 0.997055233 71.093887329 0.028230628 0.999077439 -0.032362349 -0.930489540 -0.997116148 0.030427242 0.069523871 129.480987549
0.068201780 0.031518560 0.997173607 71.808876038 0.026993731 0.999076605 -0.033424955 -0.954580545 -0.997306347 0.029197078 0.067287982 129.534149170
0.066461742 0.031852543 0.997280419 72.536125183 0.025211254 0.999117613 -0.033591378 -0.974489927 -0.997470379 0.027375232 0.065600097 129.582489014
0.065382600 0.031071870 0.997376442 73.246749878 0.023008810 0.999202371 -0.032637089 -0.991378307 -0.997595012 0.025082342 0.064615488 129.630340576
0.063985646 0.030380115 0.997488320 73.951774597 0.021237530 0.999268711 -0.031796660 -1.018067122 -0.997724831 0.023218719 0.063293695 129.683578491
0.062577188 0.029111773 0.997615457 74.658805847 0.020721808 0.999321103 -0.030461358 -1.041588068 -0.997824967 0.022578582 0.061931431 129.722259521
0.061289787 0.028605487 0.997710109 75.350692749 0.019038837 0.999373853 -0.029822759 -1.062380791 -0.997938514 0.020823073 0.060706794 129.772613525
0.059702992 0.028260630 0.997816205 76.033294678 0.017351504 0.999418736 -0.029344229 -1.084478378 -0.998065472 0.019065551 0.059177935 129.822723389
0.059028804 0.027513169 0.997877121 76.703781128 0.016691715 0.999453187 -0.028544014 -1.109747410 -0.998116791 0.018341199 0.058537304 129.865173340
0.058478177 0.027752208 0.997902989 77.382553101 0.017203635 0.999437034 -0.028803028 -1.129915476 -0.998140574 0.018851908 0.057967782 129.909332275
0.059118211 0.029173985 0.997824550 78.077995300 0.017424833 0.999390423 -0.030252138 -1.144813061 -0.998098910 0.019175379 0.058573842 129.942504883
0.059772551 0.029702963 0.997770011 78.737594604 0.017491719 0.999372542 -0.030798530 -1.163500071 -0.998058736 0.019293619 0.059215486 129.994781494
0.061651826 0.030161256 0.997641861 79.388343811 0.015827747 0.999388099 -0.031192165 -1.182850599 -0.997972190 0.017713478 0.061136723 130.042541504
