1.000000000 0.000000000 0.000000000 0.000000000 0.000000000 1.000000000 0.000000000 0.000000000 0.000000000 0.000000000 1.000000000 0.000000000
0.999988496 0.000382785 0.004781889 -0.005703836 -0.000388533 0.999999225 0.001201186 0.005681294 -0.004781425 -0.001203030 0.999987841 1.574133396
0.999955952 0.000024620 0.009383025 0.004944199 -0.000039551 0.999998748 0.001591066 0.013403292 -0.009382973 -0.001591367 0.999954700 3.167010307
0.999907911 -0.000566220 0.013557607 0.025224578 0.000541256 0.999998152 0.001844996 0.023907386 -0.013558626 -0.001837488 0.999906361 4.745506287
0.999847651 -0.000665459 0.017442122 0.046228398 0.000641298 0.999998808 0.001390776 0.032824393 -0.017443027 -0.001379379 0.999846935 6.340123653
0.999753416 -0.000291599 0.022204038 0.069499239 0.000259600 0.999998927 0.001444031 0.039801203 -0.022204434 -0.001437911 0.999752402 7.921834469
0.999640584 0.000805658 0.026796944 0.101422861 -0.000880602 0.999995708 0.002785068 0.048456579 -0.026794586 -0.002807665 0.999637008 9.529837608
0.999511182 0.001233637 0.031238679 0.144395575 -0.001350447 0.999992192 0.003718463 0.066213079 -0.031233847 -0.003758832 0.999505043 11.150158882
0.999355972 0.001798404 0.035838444 0.188532069 -0.001923998 0.999992132 0.003470268 0.081288338 -0.035831921 -0.003536986 0.999351561 12.772321701
0.999181211 0.002456860 0.040384576 0.241347462 -0.002568691 0.999993026 0.002717491 0.090844214 -0.040377617 -0.002819001 0.999180496 14.403465271
0.998987556 0.003233976 0.044870339 0.300526977 -0.003332106 0.999992192 0.002112343 0.104576945 -0.044863161 -0.002259717 0.998990595 16.027753830
0.998795807 0.002768409 0.048982717 0.365649819 -0.002869201 0.999993920 0.001987513 0.113487251 -0.048976917 -0.002125661 0.998797655 17.644720078
0.998621166 0.003197100 0.052397598 0.444140494 -0.003317693 0.999992073 0.002214690 0.125118241 -0.052390099 -0.002385476 0.998623848 19.264841080
0.998463392 0.003584044 0.055299263 0.529668510 -0.003724625 0.999990106 0.002439318 0.130872980 -0.055289973 -0.002641538 0.998466849 20.895868301
0.998335600 0.003287910 0.057578035 0.622544587 -0.003433341 0.999991179 0.002427064 0.142177522 -0.057569545 -0.002620709 0.998338044 22.522096634
0.998213530 0.003212444 0.059660908 0.710063457 -0.003344785 0.999992192 0.002118484 0.145506501 -0.059653636 -0.002314253 0.998216450 24.141569138
0.998126149 0.002794249 0.061125897 0.805497706 -0.002940124 0.999993026 0.002296658 0.154379398 -0.061119054 -0.002472072 0.998127401 25.768386841
0.998116255 0.001423100 0.061334491 0.905989766 -0.001649863 0.999992013 0.003646674 0.164704219 -0.061328810 -0.003740998 0.998110592 27.416059494
0.998190343 0.000358132 0.060132328 1.008139849 -0.000626857 0.999989927 0.004450096 0.179270089 -0.060130130 -0.004479737 0.998180509 29.042814255
0.998301744 -0.000035988 0.058255278 1.098200202 -0.000220521 0.999990284 0.004396761 0.187741101 -0.058254872 -0.004402141 0.998292029 30.662893295
0.998454928 0.001060462 0.055557061 1.188592196 -0.001281053 0.999991417 0.003935073 0.198634863 -0.055552412 -0.004000165 0.998447776 32.296031952
0.998614430 0.003059120 0.052534167 1.264959812 -0.003284958 0.999985754 0.004213067 0.209640592 -0.052520528 -0.004379802 0.998610258 33.924064636
0.998779297 0.005511877 0.049087305 1.332860589 -0.005693693 0.999977410 0.003564872 0.222126454 -0.049066547 -0.003840009 0.998788118 35.543399811
0.998932958 0.007617685 0.045551594 1.402055860 -0.007694394 0.999969244 0.001508901 0.236842901 -0.045538697 -0.001857783 0.998960853 37.180938721
0.999088585 0.009289350 0.041662492 1.466479421 -0.009300387 0.999956727 0.000071067 0.241903201 -0.041660029 -0.000458480 0.999131739 38.818988800
0.999226332 0.010466031 0.037910983 1.515830398 -0.010433012 0.999944985 -0.001068698 0.246905386 -0.037920084 0.000672346 0.999280572 40.461112976
0.999396920 0.009831184 0.033304673 1.574687362 -0.009784109 0.999950886 -0.001576139 0.251939535 -0.033318531 0.001249332 0.999444008 42.103420258
0.999535918 0.010011035 0.028769474 1.615373015 -0.010002429 0.999949872 -0.000443023 0.250950545 -0.028772468 0.000155052 0.999585986 43.742202759
0.999662876 0.009654661 0.024102425 1.654200196 -0.009675628 0.999952912 0.000753417 0.260871887 -0.024094015 -0.000986369 0.999709189 45.408039093
0.999749362 0.010197236 0.019930817 1.679159045 -0.010229680 0.999946535 0.001526499 0.263107955 -0.019914184 -0.001730003 0.999800205 47.045417786
0.999821186 0.010827951 0.015502299 1.699979186 -0.010876315 0.999936223 0.003038879 0.276526660 -0.015468406 -0.003206944 0.999875188 48.723735809
0.999874473 0.010404287 0.011950584 1.714304209 -0.010462061 0.999933839 0.004782069 0.289209038 -0.011900039 -0.004906497 0.999917150 50.360843658
0.999899685 0.011374134 0.008440705 1.725565672 -0.011427275 0.999915004 0.006274534 0.300796628 -0.008368621 -0.006370359 0.999944687 52.018737793
0.999928534 0.010957039 0.004779190 1.739070654 -0.010993751 0.999909759 0.007724118 0.321478486 -0.004694125 -0.007776108 0.999958754 53.687126160
0.999927223 0.011925108 0.001818359 1.725045681 -0.011942594 0.999879360 0.009930069 0.342798769 -0.001699722 -0.009951062 0.999949038 55.358463287
0.999939978 0.010828609 -0.001666924 1.723375797 -0.010808964 0.999876916 0.011374169 0.367619067 0.001789885 -0.011355469 0.999933898 57.032917023
0.999857306 0.016223377 -0.004703828 1.702581048 -0.016171774 0.999810815 0.010808584 0.393614769 0.004878290 -0.010730973 0.999930501 58.693874359
0.999740839 0.021547025 -0.007347412 1.680483580 -0.021503242 0.999750853 0.005986881 0.418210566 0.007474581 -0.005827337 0.999955058 60.359340668
0.999611080 0.026220080 -0.009494592 1.656684399 -0.026169911 0.999643087 0.005370022 0.437009633 0.009632005 -0.005119461 0.999940515 62.042274475
0.999516010 0.028905194 -0.011501365 1.619766474 -0.028832505 0.999563515 0.006436536 0.450623244 0.011682394 -0.006101808 0.999913156 63.718540192
0.999489903 0.028821496 -0.013757506 1.598940969 -0.028756181 0.999574363 0.004922066 0.470095754 0.013893512 -0.004523942 0.999893248 65.400062561
0.999445319 0.029343596 -0.015747389 1.571440578 -0.029322539 0.999568760 0.001566411 0.482111394 0.015786562 -0.001103789 0.999874771 67.076446533
0.999350309 0.031537276 -0.017447431 1.535804868 -0.031543210 0.999502361 -0.000064897 0.491907448 0.017436702 0.000615202 0.999847770 68.754737854
0.999233246 0.034291271 -0.018894300 1.491503000 -0.034253355 0.999410450 0.002326803 0.500492752 0.018962950 -0.001677826 0.999818802 70.448295593
0.999098122 0.037163410 -0.020539122 1.443948269 -0.037077442 0.999302030 0.004550787 0.512564063 0.020693909 -0.003785144 0.999778688 72.142234802
0.998956800 0.039558332 -0.022813601 1.398247838 -0.039463583 0.999210477 0.004588698 0.528773785 0.022977110 -0.003683605 0.999729216 73.836311340
0.998837650 0.040807061 -0.025654607 1.351904631 -0.040682688 0.999157786 0.005351684 0.545956373 0.025851388 -0.004301765 0.999656558 75.547515869
0.998737931 0.041240986 -0.028666461 1.301085949 -0.041048631 0.999130726 0.007266752 0.565247416 0.028941231 -0.006080862 0.999562621 77.246849060
0.998639703 0.041219141 -0.031932231 1.245530725 -0.040947177 0.999119639 0.009124910 0.588891327 0.032280240 -0.007804963 0.999448359 78.934448242
0.998530388 0.041794270 -0.034500875 1.175425768 -0.041466653 0.999088228 0.010157721 0.607463002 0.034893952 -0.008712158 0.999353051 80.672599792
0.998375714 0.043589756 -0.036686204 1.104815006 -0.043311864 0.999026835 0.008336135 0.629394293 0.037013873 -0.006733647 0.999292076 82.370727539
0.998264074 0.044534259 -0.038542617 1.032716870 -0.044229988 0.998983383 0.008711851 0.655935168 0.038891412 -0.006991989 0.999219000 84.109634399
0.998250544 0.044280153 -0.039180785 0.959592342 -0.043801803 0.998955846 0.012984459 0.684074402 0.039714828 -0.011245554 0.999147773 85.822578430
0.998267651 0.043794237 -0.039291315 0.880035400 -0.043164570 0.998927832 0.016733702 0.710283458 0.039982028 -0.015008722 0.999087691 87.556358337
0.998318672 0.043092858 -0.038766734 0.807431519 -0.042319071 0.998892486 0.020564355 0.753005862 0.039609976 -0.018889207 0.999036670 89.275024414
0.998383224 0.041515809 -0.038824320 0.739720762 -0.040748619 0.998962224 0.020347739 0.788546920 0.039628781 -0.018732805 0.999038875 91.020645142
0.998485327 0.039372575 -0.038429987 0.671920359 -0.038629707 0.999055684 0.019885499 0.835096955 0.039176643 -0.018370841 0.999063432 92.741996765
0.998519659 0.038453113 -0.038468793 0.596722484 -0.037908684 0.999171853 0.014783450 0.866097331 0.039005406 -0.013303264 0.999150455 94.482398987
0.998377502 0.041625109 -0.038855519 0.521005154 -0.041214198 0.999086261 0.011317484 0.900019288 0.039291106 -0.009697722 0.999180734 96.208206177
0.998170912 0.046036940 -0.039184242 0.441873819 -0.045632195 0.998895943 0.011162224 0.926063180 0.039654855 -0.009353745 0.999169648 97.944419861
0.998037279 0.048256557 -0.039911576 0.367208332 -0.047815006 0.998784781 0.011945279 0.952676237 0.040439513 -0.010013462 0.999131799 99.670112610
0.998113573 0.046466652 -0.040126529 0.288947344 -0.045951605 0.998850226 0.013664347 0.985072672 0.040715329 -0.011794692 0.999101162 101.411453247
0.998280883 0.041973133 -0.040909246 0.222074151 -0.041388772 0.999030113 0.015028467 1.016564846 0.041500356 -0.013309448 0.999049842 103.147499084
0.998423815 0.037051756 -0.042155754 0.152313709 -0.036402792 0.999208152 0.016059591 1.054804444 0.042717408 -0.014499690 0.998981953 104.916076660
0.998464704 0.034663323 -0.043204859 0.083656877 -0.033941425 0.999273539 0.017331988 1.088278890 0.043774258 -0.015838943 0.998915911 106.670745850
0.998412967 0.035462022 -0.043749206 -0.005456584 -0.034682531 0.999228060 0.018449629 1.126630783 0.044369694 -0.016903017 0.998872161 108.424720764
0.998298645 0.038004506 -0.044220507 -0.087160617 -0.037287384 0.999161124 0.016930670 1.161824703 0.044826854 -0.015252997 0.998878300 110.191390991
0.998228788 0.039777387 -0.044238843 -0.175258428 -0.039097257 0.999105155 0.016134799 1.201387286 0.044841059 -0.014376602 0.998890698 111.966682434
0.998199761 0.040808365 -0.043952968 -0.266791642 -0.039969966 0.999004900 0.019788124 1.242957711 0.044716753 -0.017995702 0.998837590 113.746986389
0.998218894 0.040888518 -0.043441661 -0.349117965 -0.039954346 0.998955786 0.022159355 1.286646962 0.044302359 -0.020384204 0.998810172 115.519531250
0.998156488 0.042954817 -0.042877868 -0.434540957 -0.042056639 0.998880982 0.021634517 1.335670829 0.043759190 -0.019791335 0.998846054 117.295021057
0.998065412 0.045623694 -0.042236280 -0.521847904 -0.044797819 0.998789847 0.020298315 1.382892728 0.043111250 -0.018366951 0.998901427 119.077522278
0.997946799 0.048627455 -0.041683607 -0.606331825 -0.047813874 0.998650014 0.020298269 1.421507716 0.042614389 -0.018263537 0.998924673 120.867126465
0.997925639 0.049489450 -0.041172590 -0.691063166 -0.048686385 0.998608112 0.020284662 1.467735529 0.042119160 -0.018238040 0.998946130 122.650100708
0.997956753 0.049242556 -0.040712632 -0.776723981 -0.048395023 0.998595834 0.021547854 1.513942242 0.041716535 -0.019533537 0.998938501 124.426681519
0.997997046 0.048999075 -0.040012412 -0.866654277 -0.048129283 0.998589456 0.022419989 1.558490872 0.041054532 -0.020449314 0.998947620 126.217163086
0.997999847 0.048748411 -0.040248118 -0.941549599 -0.047858562 0.998594224 0.022784801 1.602426052 0.041302260 -0.020813012 0.998929918 128.001190186
0.998011768 0.048410192 -0.040361136 -1.021186829 -0.047518328 0.998610795 0.022771638 1.646575212 0.041407447 -0.020808468 0.998925626 129.806961060
0.998084962 0.046771795 -0.040482044 -1.101478815 -0.045862310 0.998680413 0.023111304 1.691859603 0.041509584 -0.021210445 0.998912930 131.603881836
0.998131394 0.045190196 -0.041128002 -1.175939560 -0.044271100 0.998754978 0.022990597 1.738588810 0.042115748 -0.021126857 0.998889327 133.398330688
0.998134315 0.044769932 -0.041515615 -1.261398911 -0.043862108 0.998783588 0.022526419 1.790367484 0.042473618 -0.020663429 0.998883903 135.198242188
0.998107910 0.045300983 -0.041574076 -1.341232657 -0.044361901 0.998745203 0.023239840 1.834087729 0.042574696 -0.021351563 0.998865128 136.991744995
0.998075366 0.045580201 -0.042047907 -1.417878509 -0.044578936 0.998706579 0.024450863 1.884936452 0.043107998 -0.022529352 0.998816371 138.797470093
0.998093128 0.045719266 -0.041471407 -1.502570033 -0.044677548 0.998670638 0.025707660 1.931035519 0.042591609 -0.023805797 0.998808920 140.625717163
0.998152077 0.044890095 -0.040955089 -1.579690576 -0.043871287 0.998713076 0.025445167 1.984749913 0.042044617 -0.023601394 0.998836935 142.437500000
0.998220265 0.043740969 -0.040533911 -1.657457113 -0.042736679 0.998765469 0.025320740 2.034438610 0.041591424 -0.023543393 0.998857260 144.243423462
0.998293877 0.042047579 -0.040513229 -1.727003694 -0.041113701 0.998875380 0.023615383 2.083580732 0.041460633 -0.021909444 0.998899877 146.046615601
0.998306036 0.042098954 -0.040159270 -1.812393427 -0.041214861 0.998894811 0.022594621 2.129513025 0.041066095 -0.020901188 0.998937786 147.850631714
0.998264551 0.043383993 -0.039820604 -1.887187004 -0.042448156 0.998809099 0.024053778 2.180790424 0.040816728 -0.022321723 0.998917282 149.656341553
0.998167813 0.045590408 -0.039780691 -1.969344497 -0.044588346 0.998674214 0.025723839 2.234393358 0.040900711 -0.023902953 0.998877287 151.453048706
0.998116851 0.047239155 -0.039131440 -2.056788206 -0.046230827 0.998584926 0.026284344 2.281853199 0.040317714 -0.024425767 0.998888314 153.273925781
0.998066247 0.048344083 -0.039071631 -2.138450623 -0.047330793 0.998528838 0.026456438 2.330937862 0.040293161 -0.024555987 0.998886108 155.076400757
0.998090863 0.048089903 -0.038756091 -2.205570221 -0.047141746 0.998574853 0.025018509 2.372085571 0.039903998 -0.023143716 0.998935461 156.876098633
0.998178184 0.046033427 -0.039003365 -2.280974388 -0.045025963 0.998638868 0.026326876 2.425263405 0.040162195 -0.024522748 0.998892188 158.661193848
0.998193860 0.045098763 -0.039687317 -2.358826399 -0.043983690 0.998624623 0.028535277 2.476012945 0.040919639 -0.026738144 0.998804629 160.455093384
0.998222709 0.043405484 -0.040833171 -2.431580067 -0.042297889 0.998723507 0.027608993 2.526090622 0.041979432 -0.025832767 0.998784482 162.254028320
0.998215616 0.042642653 -0.041799892 -2.513967991 -0.041536231 0.998772383 0.026990302 2.579972744 0.042899515 -0.025205931 0.998761356 164.048065186
0.998189509 0.042089809 -0.042967379 -2.597601652 -0.040917568 0.998775542 0.027806785 2.633078337 0.044085149 -0.025998320 0.998689413 165.841323853
0.998182356 0.040843382 -0.044315193 -2.678529263 -0.039646920 0.998833895 0.027550327 2.691099882 0.045388766 -0.025743289 0.998637617 167.662857056
0.998167038 0.039521977 -0.045832470 -2.758362770 -0.038243424 0.998863518 0.028445648 2.734858274 0.046904609 -0.026640717 0.998544037 169.476501465
0.998127878 0.039248340 -0.046906866 -2.862034321 -0.037931550 0.998869836 0.028640648 2.803451777 0.047977954 -0.026807781 0.998488605 171.275314331
0.998033762 0.039750591 -0.048461426 -2.942264795 -0.038392205 0.998852074 0.028646281 2.840054989 0.049544502 -0.026729414 0.998414159 173.072311401
0.997904539 0.041413669 -0.049713172 -3.039846659 -0.040052000 0.998802900 0.028081434 2.898804903 0.050816618 -0.026031479 0.998368680 174.861862183
0.997708797 0.044333670 -0.051104225 -3.140264750 -0.042953018 0.998690069 0.027805757 2.957260132 0.052270014 -0.025546968 0.998306155 176.641464233
0.997617483 0.045963250 -0.051446158 -3.246423960 -0.044661906 0.998659432 0.026165884 3.005489111 0.052579861 -0.023805860 0.998332918 178.458679199
0.997502148 0.048268680 -0.051571153 -3.349767923 -0.046942394 0.998542666 0.026627194 3.049097061 0.052781254 -0.024139810 0.998314261 180.256164551
0.997406781 0.050465945 -0.051311813 -3.459207296 -0.049104527 0.998416185 0.027456252 3.103748798 0.052616149 -0.024865409 0.998305202 182.038543701
0.997372568 0.051142622 -0.051306456 -3.554589748 -0.049766589 0.998375297 0.027748998 3.152277231 0.052642256 -0.025122743 0.998297393 183.856872559
0.997460127 0.050432090 -0.050298113 -3.655916214 -0.049071670 0.998404801 0.027925627 3.206802130 0.051626224 -0.025386486 0.998343766 185.654953003
0.997484624 0.050069191 -0.050174244 -3.755230665 -0.048690539 0.998411953 0.028333545 3.257032633 0.051513202 -0.025819264 0.998338521 187.463531494
0.997534871 0.049293533 -0.049943529 -3.849334478 -0.047928676 0.998453498 0.028167350 3.310808897 0.051254760 -0.025704186 0.998354793 189.266769409
0.997566402 0.048708636 -0.049886726 -3.946769238 -0.047326814 0.998472333 0.028516304 3.364031076 0.051199503 -0.026085928 0.998347700 191.066635132
0.997542679 0.049343836 -0.049736921 -4.043326855 -0.047885541 0.998399258 0.030097891 3.417420149 0.051142450 -0.027642252 0.998308718 192.855758667
0.997451961 0.051212061 -0.049667429 -4.140384197 -0.049713325 0.998283684 0.030956073 3.472384691 0.051167507 -0.028408064 0.998285949 194.653686523
0.997362792 0.052916266 -0.049672041 -4.245590210 -0.051434074 0.998205662 0.030658847 3.530501842 0.051205263 -0.028023159 0.998294890 196.468093872
0.997250140 0.054581206 -0.050130785 -4.344457626 -0.053154301 0.998154283 0.029369898 3.586912632 0.051641304 -0.026624467 0.998310745 198.272842407
0.997219324 0.054625172 -0.050692353 -4.440108776 -0.053276535 0.998198688 0.027585717 3.639681578 0.052107915 -0.024808297 0.998333275 200.066253662
0.997215450 0.054407261 -0.051002499 -4.544358730 -0.053072993 0.998221219 0.027160922 3.691529989 0.052389525 -0.024378436 0.998329103 201.877853394
0.997180879 0.054409534 -0.051671334 -4.643533707 -0.053015482 0.998201668 0.027978012 3.738826752 0.053100683 -0.025159758 0.998272181 203.683197021
0.997173190 0.054109730 -0.052132294 -4.742580891 -0.052667338 0.998200893 0.028656360 3.790787697 0.053589091 -0.025829686 0.998228967 205.468353271
0.997131288 0.054270867 -0.052761901 -4.847568989 -0.052850991 0.998211324 0.027944712 3.841363430 0.054184109 -0.025076028 0.998216033 207.261947632
0.997072518 0.054494374 -0.053635478 -4.948385715 -0.053105969 0.998224318 0.026980393 3.891090393 0.055010516 -0.024053043 0.998196006 209.046218872
0.997062325 0.053917762 -0.054402012 -5.054364204 -0.052497175 0.998250186 0.027213331 3.935514688 0.055774104 -0.024277436 0.998148203 210.821777344
0.997047365 0.053192820 -0.055381190 -5.154097557 -0.051703483 0.998270214 0.027987611 3.986265421 0.056774132 -0.025041575 0.998072982 212.602996826
0.997020364 0.052787390 -0.056247916 -5.257746220 -0.051243600 0.998278141 0.028544763 4.039632797 0.057657868 -0.025577364 0.998008728 214.371002197
0.996992052 0.052377418 -0.057126340 -5.366653919 -0.050854523 0.998319209 0.027795011 4.087387085 0.058486152 -0.024806274 0.997979999 216.156372070
0.996903479 0.053163297 -0.057940323 -5.473042488 -0.051670011 0.998299837 0.026974235 4.133316040 0.059275854 -0.023896931 0.997955561 217.909759521
0.996828318 0.053713989 -0.058720313 -5.583189964 -0.052166484 0.998257577 0.027577586 4.184921741 0.060099296 -0.024426889 0.997893453 219.690277100
0.996767998 0.054097842 -0.059388805 -5.699933529 -0.052525237 0.998234510 0.027730117 4.237495422 0.060784094 -0.024521081 0.997849703 221.445861816
0.996696591 0.054718044 -0.060015347 -5.815236092 -0.053082470 0.998182833 0.028517675 4.287919998 0.061466720 -0.025237707 0.997789979 223.207702637
0.996643662 0.054757379 -0.060852945 -5.925592422 -0.053076364 0.998171985 0.028906764 4.340592861 0.062324565 -0.025579890 0.997728050 224.967895508
0.996581018 0.055103131 -0.061562702 -6.043811798 -0.053391680 0.998149276 0.029108834 4.392949581 0.063052759 -0.025722373 0.997678638 226.723861694
0.996468782 0.055970717 -0.062587693 -6.165448189 -0.054190259 0.998086035 0.029793235 4.444465160 0.064135455 -0.026296386 0.997594655 228.477096558
0.996333718 0.057365343 -0.063468933 -6.280439377 -0.055500407 0.997984469 0.030767746 4.493858337 0.065106012 -0.027132392 0.997509420 230.233673096
0.996200085 0.058448814 -0.064569175 -6.411542416 -0.056517433 0.997909427 0.031345472 4.553847313 0.066266291 -0.027577078 0.997420788 232.002899170
0.996164680 0.057563271 -0.065897167 -6.527235985 -0.055566143 0.997950077 0.031750146 4.612677574 0.067589723 -0.027966723 0.997321129 233.737533569
0.996112525 0.056509148 -0.067576267 -6.651333332 -0.054484975 0.998019755 0.031432360 4.669620514 0.069218658 -0.027628278 0.997218847 235.491729736
0.996081471 0.054856110 -0.069372214 -6.769876957 -0.052895989 0.998155773 0.029784685 4.728207588 0.070878148 -0.025998462 0.997146130 237.230560303
0.996065617 0.053202316 -0.070871614 -6.899721622 -0.051373929 0.998304129 0.027377514 4.775758266 0.072207972 -0.023628848 0.997109652 238.965316772
0.995931923 0.053462010 -0.072535828 -7.026172161 -0.051644295 0.998308301 0.026709149 4.821912766 0.073841043 -0.022854432 0.997008085 240.689147949
0.995847464 0.053647928 -0.073550709 -7.162729740 -0.051765159 0.998286843 0.027271245 4.865538597 0.074887753 -0.023350637 0.996918559 242.425765991
0.995721877 0.055697154 -0.073727511 -7.299868584 -0.053637516 0.998120844 0.029628551 4.916469574 0.075239189 -0.025547236 0.996838212 244.170562744
0.995655477 0.057762567 -0.073031552 -7.429207325 -0.055497341 0.997923970 0.032676544 4.973473072 0.074767418 -0.028481526 0.996794164 245.886352539
0.995601952 0.061019544 -0.071087368 -7.588714123 -0.058742970 0.997704506 0.033688977 5.024735451 0.072979875 -0.029364927 0.996901035 247.647171021
0.995594203 0.062002055 -0.070341557 -7.720373154 -0.059919197 0.997710943 0.031345997 5.082107067 0.072124057 -0.026993085 0.997030318 249.374755859
0.995692015 0.061604869 -0.069298387 -7.851418018 -0.059789386 0.997818887 0.027975976 5.141774178 0.070870697 -0.023712149 0.997203648 251.098693848
0.995926201 0.058611255 -0.068525046 -7.974177361 -0.056978479 0.998048544 0.025545649 5.179012299 0.069888584 -0.021537131 0.997322261 252.809555054
0.996151209 0.055716958 -0.067663543 -8.099543571 -0.054166567 0.998230398 0.024537154 5.226512909 0.068910934 -0.020777613 0.997406423 254.520538330
0.996361256 0.052914631 -0.066814952 -8.209986687 -0.051296569 0.998352587 0.025705963 5.261682987 0.068065099 -0.022185048 0.997434199 256.225128174
0.996523976 0.050778311 -0.066042043 -8.327946663 -0.049141217 0.998448610 0.026182294 5.304631233 0.067269079 -0.022845896 0.997473300 257.912261963
0.996537983 0.050517939 -0.066030495 -8.442779541 -0.048859417 0.998454154 0.026496593 5.344317436 0.067266978 -0.023178650 0.997465730 259.591308594
0.996543825 0.049639288 -0.066606186 -8.557753563 -0.047992613 0.998506665 0.026099969 5.389997959 0.067802303 -0.022813158 0.997437894 261.274414062
0.996556640 0.048572402 -0.067198075 -8.673272133 -0.046937499 0.998567164 0.025699122 5.432840824 0.068350054 -0.022456521 0.997408628 262.939819336
0.996362627 0.051121805 -0.068176985 -8.794251442 -0.049413808 0.998426557 0.026508879 5.469782829 0.069424890 -0.023043571 0.997321010 264.608825684
0.996203542 0.053394742 -0.068756506 -8.907626152 -0.051550750 0.998268723 0.028321095 5.516319752 0.070149668 -0.024669128 0.997231424 266.249725342
0.995749354 0.060856175 -0.069135785 -9.040786743 -0.058819078 0.997783184 0.031130139 5.561264038 0.070876986 -0.026931314 0.997121453 267.864135742
0.995459557 0.064922072 -0.069608882 -9.167562485 -0.062962815 0.997565389 0.029982850 5.610066414 0.071385965 -0.025463942 0.997123659 269.475250244
0.995402157 0.064639926 -0.070683770 -9.288899422 -0.063025281 0.997702718 0.024841987 5.649674892 0.072127171 -0.020272901 0.997189403 271.050903320
0.995470226 0.061739139 -0.072299734 -9.406320572 -0.060319968 0.997944236 0.021652702 5.682785511 0.073487923 -0.017193504 0.997147858 272.601318359
0.995427549 0.060386293 -0.074010305 -9.524628639 -0.059246995 0.998090029 0.017495744 5.711174011 0.074925452 -0.013030858 0.997103989 274.145233154
0.995533586 0.057556950 -0.074833691 -9.635389328 -0.056335475 0.998243570 0.018333947 5.743688107 0.075757489 -0.014036270 0.997027457 275.680572510
0.995531321 0.057095021 -0.075216524 -9.753322601 -0.055103615 0.998079717 0.028291740 5.773718834 0.076687403 -0.024020612 0.996765792 277.192443848
0.995498717 0.056883138 -0.075806163 -9.879118919 -0.054229025 0.997856677 0.036623571 5.805836201 0.077726945 -0.032347824 0.996449769 278.704650879
0.995870650 0.048898902 -0.076489151 -9.988783836 -0.046267819 0.998287320 0.035801020 5.855155945 0.078108780 -0.032114197 0.996427476 280.156463623
0.995833874 0.047075883 -0.078094378 -10.100027084 -0.044615366 0.998460412 0.032959014 5.893831253 0.079525717 -0.029337492 0.996401012 281.605926514
0.995755136 0.045377802 -0.080078594 -10.204951286 -0.043448068 0.998725593 0.025678998 5.936112881 0.081141800 -0.022090733 0.996457756 283.001007080
0.995829999 0.043230783 -0.080335341 -10.333950043 -0.041352820 0.998834372 0.024895836 5.951921463 0.081317969 -0.021469926 0.996456921 284.403625488
0.995620251 0.046888154 -0.080881499 -10.452176094 -0.044718698 0.998594999 0.028429717 5.982141972 0.082100876 -0.024688285 0.996318161 285.775848389
0.995623767 0.046324980 -0.081162214 -10.571434021 -0.044258125 0.998652935 0.027083211 6.011712074 0.082307518 -0.023372600 0.996332884 287.102722168
0.995605588 0.044464339 -0.082416549 -10.677347183 -0.042555161 0.998786807 0.024779467 6.044031620 0.083418362 -0.021163326 0.996289849 288.410156250
0.995521665 0.044472184 -0.083419882 -10.791981697 -0.042957611 0.998879373 0.019864796 6.068896294 0.084209830 -0.016192315 0.996316493 289.723907471
0.995507717 0.041708462 -0.084999040 -10.897201538 -0.040742140 0.999084175 0.013072518 6.099740505 0.085466430 -0.009550749 0.996295273 291.015716553
0.995431125 0.041561704 -0.085962467 -11.023217201 -0.040630534 0.999095380 0.012554381 6.108802795 0.086406484 -0.009004320 0.996219277 292.338897705
0.995396078 0.041685853 -0.086306937 -11.141249657 -0.040402208 0.999046147 0.016567497 6.129410744 0.086915240 -0.013004231 0.996130824 293.626281738
0.995328188 0.041649494 -0.087103933 -11.260566711 -0.040142801 0.999013662 0.018979091 6.150633335 0.087808490 -0.015393830 0.996018410 294.955230713
0.995204210 0.042502265 -0.088102989 -11.375749588 -0.041033883 0.998988092 0.018412132 6.183669567 0.088796392 -0.014708623 0.995941162 296.244934082
0.995094061 0.043319128 -0.088945322 -11.500874519 -0.041876417 0.998960197 0.018023562 6.205566406 0.089633606 -0.014210427 0.995873451 297.557220459
0.994905412 0.045340627 -0.090041585 -11.619285583 -0.043969549 0.998885572 0.017153798 6.229368687 0.090719000 -0.013107317 0.995790243 298.852630615
0.994829297 0.045810409 -0.090642832 -11.742626190 -0.044550404 0.998880982 0.015876567 6.256587982 0.091268711 -0.011756300 0.995756924 300.120910645
0.994688094 0.047632486 -0.091250911 -11.878048897 -0.046411801 0.998802841 0.015454048 6.273499966 0.091877781 -0.011136839 0.995707989 301.430084229
0.994548857 0.048267707 -0.092427470 -11.990334511 -0.047093097 0.998780131 0.014848858 6.295218468 0.093031444 -0.010415220 0.995608687 302.701232910
0.994470894 0.048678152 -0.093048707 -12.122544289 -0.047457211 0.998756230 0.015290811 6.311566353 0.093677305 -0.010790435 0.995544136 304.001556396
0.994439483 0.048942182 -0.093245640 -12.245244980 -0.047604725 0.998729706 0.016515465 6.335672379 0.093935497 -0.011984698 0.995506167 305.277282715
0.994432926 0.049304418 -0.093124703 -12.374527931 -0.048022233 0.998718739 0.015960911 6.357171535 0.093792327 -0.011400000 0.995526493 306.553527832
0.994506180 0.047998887 -0.093024671 -12.494881630 -0.046890188 0.998800993 0.014068889 6.382160187 0.093588427 -0.009629653 0.995564401 307.809600830
0.994560480 0.047435600 -0.092732452 -12.623575211 -0.046328206 0.998827338 0.014059481 6.396056652 0.093290627 -0.009686877 0.995591819 309.087707520
0.994663954 0.045879386 -0.092405155 -12.739984512 -0.044816289 0.998903394 0.013548258 6.416982174 0.092925407 -0.009334708 0.995629311 310.345031738
0.994703174 0.045903597 -0.091969684 -12.862541199 -0.044849318 0.998902559 0.013498602 6.429263592 0.092488386 -0.009302326 0.995670319 311.623260498
0.994788349 0.045704588 -0.091144308 -12.981943130 -0.044607375 0.998905957 0.014040242 6.451900005 0.091686293 -0.009901361 0.995738685 312.868652344
0.994836032 0.046954751 -0.089980647 -13.109293938 -0.045740243 0.998832881 0.015513428 6.471677780 0.090604067 -0.011317580 0.995822668 314.146759033
0.994923949 0.047813047 -0.088544898 -13.229563713 -0.046440575 0.998767793 0.017497214 6.497301579 0.089272387 -0.013296321 0.995918512 315.406188965
0.995042503 0.047388200 -0.087434486 -13.345819473 -0.045983911 0.998779893 0.018007008 6.519436359 0.088181123 -0.013897160 0.996007502 316.662384033
0.995209754 0.046248373 -0.086131699 -13.460917473 -0.044983499 0.998850286 0.016569793 6.537765026 0.086799003 -0.012615914 0.996145964 317.911285400
0.995362639 0.044513337 -0.085274868 -13.567592621 -0.043361634 0.998942077 0.015311619 6.561529160 0.085866228 -0.011542956 0.996239781 319.163665771
0.995496511 0.043527573 -0.084214516 -13.671961784 -0.042430118 0.998990119 0.014778712 6.585871220 0.084772758 -0.011138924 0.996338069 320.404693604
0.995643556 0.043104045 -0.082679503 -13.789753914 -0.041975431 0.999000847 0.015341286 6.599730968 0.083258167 -0.011803946 0.996458113 321.676177979
0.995722830 0.043711394 -0.081396304 -13.894196510 -0.042579394 0.998971403 0.015592329 6.620834827 0.081994146 -0.012059833 0.996559858 322.911315918
0.995764852 0.045506217 -0.079884574 -14.008032799 -0.044394247 0.998891652 0.015641920 6.637101650 0.080507837 -0.012029259 0.996681392 324.168243408
0.995798290 0.047090150 -0.078538135 -14.112857819 -0.045973439 0.998815060 0.015967749 6.661502838 0.079196997 -0.012289990 0.996783197 325.405090332
0.995821536 0.049299516 -0.076870382 -14.218854904 -0.048228923 0.998712540 0.015723167 6.682764053 0.077546559 -0.011950093 0.996917129 326.648925781
0.995803118 0.051974121 -0.075331941 -14.328114510 -0.050966967 0.998584151 0.015232209 6.697704315 0.076016963 -0.011328841 0.997042179 327.884521484
0.995788693 0.054077737 -0.074030511 -14.426164627 -0.053093337 0.998473823 0.015202667 6.716948032 0.074739657 -0.011208116 0.997140110 329.118774414
0.995896220 0.054050617 -0.072589897 -14.523261070 -0.053060435 0.998470962 0.015502008 6.738679409 0.073316798 -0.011586740 0.997241378 330.338256836
0.996016622 0.054087989 -0.070889987 -14.621289253 -0.053157341 0.998474240 0.014950885 6.753152847 0.071590491 -0.011123006 0.997372091 331.584106445
0.996177495 0.052266784 -0.069989637 -14.706703186 -0.051570926 0.998600662 0.011713843 6.772480965 0.070503943 -0.008059637 0.997478962 332.799652100
0.996423006 0.049643684 -0.068386473 -14.805795670 -0.049177218 0.998754025 0.008488758 6.782043457 0.068722680 -0.005095337 0.997622788 334.030181885
0.996565104 0.048298772 -0.067269839 -14.889988899 -0.047849797 0.998820305 0.008270576 6.803628445 0.067589939 -0.005023319 0.997700512 335.233581543
0.996727586 0.047393586 -0.065482527 -14.979737282 -0.046580091 0.998817921 0.013895329 6.805226326 0.066063665 -0.010799676 0.997756958 336.485900879
0.996779680 0.047340676 -0.064723633 -15.057090759 -0.046179619 0.998746336 0.019319408 6.821854591 0.065557085 -0.016268279 0.997716188 337.694274902
0.996870339 0.047204673 -0.063413277 -15.151301384 -0.045939885 0.998717964 0.021258119 6.846521378 0.064335465 -0.018278390 0.997760892 338.934997559
0.996933758 0.046470772 -0.062956721 -15.236679077 -0.045300219 0.998775303 0.019895302 6.870463371 0.063804165 -0.016982345 0.997817934 340.149780273
0.996971965 0.045994718 -0.062701076 -15.317459106 -0.044945586 0.998826504 0.018042028 6.895835400 0.063457333 -0.015169259 0.997869253 341.339233398
0.997021377 0.045527987 -0.062254310 -15.405356407 -0.044548146 0.998861909 0.017038470 6.914437294 0.062959187 -0.014214405 0.997914851 342.558135986
0.997085750 0.044563729 -0.061919682 -15.485317230 -0.043705594 0.998929620 0.015145513 6.939183235 0.062528342 -0.012395140 0.997966230 343.739746094
0.997129083 0.043581117 -0.061921962 -15.555058479 -0.042762533 0.998980284 0.014484556 6.954418659 0.062490072 -0.011795033 0.997975886 344.960968018
0.997156680 0.043565966 -0.061486416 -15.635563850 -0.042725582 0.998975456 0.014917642 6.974881172 0.062073320 -0.012248183 0.997996449 346.138061523
0.997218847 0.042645413 -0.061122593 -15.709091187 -0.041762978 0.999005079 0.015643282 6.995330334 0.061728895 -0.013047114 0.998007655 347.321258545
0.997246683 0.043044645 -0.060384102 -15.794599533 -0.042117745 0.998975754 0.016540363 7.013968468 0.061034229 -0.013951579 0.998038173 348.497802734
0.997314811 0.041818418 -0.060119942 -15.861630440 -0.040845849 0.999015391 0.017316611 7.033775806 0.060784899 -0.014814463 0.998040974 349.646026611
0.997393429 0.041058224 -0.059334520 -15.940320015 -0.040026318 0.999027789 0.018476939 7.052579403 0.060035463 -0.016053835 0.998067141 350.852325439
0.997463107 0.040375650 -0.058627408 -16.018344879 -0.039256882 0.999026716 0.020111173 7.071415424 0.059382353 -0.017758625 0.998077333 351.996887207
0.997630954 0.037567835 -0.057628796 -16.082462311 -0.036532745 0.999153495 0.018911349 7.099587440 0.058290470 -0.016761210 0.998158932 353.218841553
0.997775316 0.034439348 -0.057081871 -16.142383575 -0.033412363 0.999263883 0.018849514 7.121659756 0.057689019 -0.016900340 0.998191535 354.373748779
0.997951746 0.031323079 -0.055777889 -16.214561462 -0.030272884 0.999349952 0.019574797 7.137242317 0.056354776 -0.017846147 0.998251319 355.550659180
0.998063624 0.028816272 -0.055123813 -16.276002884 -0.027743312 0.999412358 0.020131906 7.161221027 0.055671547 -0.018563606 0.998276532 356.714050293
0.998125434 0.028198691 -0.054317627 -16.341020584 -0.027203860 0.999449909 0.018968346 7.181635380 0.054822631 -0.017455140 0.998343527 357.863830566
0.998171091 0.028547950 -0.053287126 -16.410284042 -0.027729401 0.999486804 0.016037885 7.203516483 0.053717628 -0.014530933 0.998450458 359.010925293
0.998196602 0.029664613 -0.052187447 -16.477397919 -0.029022181 0.999493897 0.013025275 7.218178749 0.052547425 -0.011487192 0.998552382 360.162292480
0.998225033 0.031074159 -0.050805606 -16.544551849 -0.030484896 0.999459147 0.012332600 7.234580994 0.051161353 -0.010761906 0.998632431 361.299255371
0.998241305 0.032734580 -0.049423568 -16.615489960 -0.032154534 0.999404907 0.012486232 7.246829033 0.049802888 -0.010875082 0.998699844 362.443542480
0.998262405 0.033569850 -0.048427824 -16.670858383 -0.033003259 0.999377668 0.012452513 7.264510155 0.048815716 -0.010832599 0.998749077 363.583038330
0.998360217 0.033057798 -0.046734445 -16.731750488 -0.032440085 0.999376833 0.013914967 7.274861336 0.047165316 -0.012376080 0.998810410 364.711395264
0.998476267 0.032133263 -0.044861894 -16.791231155 -0.031419884 0.999369800 0.016517425 7.291206360 0.045364380 -0.015082700 0.998856664 365.843505859
0.998569548 0.030746112 -0.043743763 -16.843090057 -0.030034281 0.999407053 0.016838083 7.312828541 0.044235531 -0.015500184 0.998900890 366.976470947
0.998633564 0.030563850 -0.042389229 -16.904123306 -0.029983390 0.999448657 0.014262544 7.332607746 0.042801775 -0.012972082 0.998999357 368.110076904
0.998646617 0.031388775 -0.041469172 -16.950681686 -0.030931778 0.999454021 0.011616335 7.354365349 0.041811150 -0.010317898 0.999072254 369.233581543
0.998602986 0.034429189 -0.040083576 -17.007301331 -0.034046583 0.999368310 0.010189284 7.368389130 0.040409066 -0.008810340 0.999144375 370.371429443
0.998552799 0.037074339 -0.038958788 -17.060379028 -0.036728024 0.999279499 0.009567886 7.384964466 0.039285440 -0.008123160 0.999195039 371.495666504
0.998496711 0.039202966 -0.038307171 -17.114095688 -0.038879767 0.999202013 0.009146178 7.396245003 0.038635161 -0.007643055 0.999224126 372.621429443
0.998447716 0.040084530 -0.038670495 -17.168060303 -0.039780039 0.999171376 0.008611856 7.409323692 0.038983654 -0.007060174 0.999214888 373.736877441
0.998378038 0.040576689 -0.039935395 -17.216585159 -0.040229537 0.999145687 0.009458683 7.422274113 0.040285081 -0.007836759 0.999157488 374.856506348
0.998355925 0.040118553 -0.040938821 -17.269598007 -0.039708983 0.999153256 0.010769337 7.442132473 0.041336209 -0.009125993 0.999103606 375.987884521
0.998293936 0.039326191 -0.043158870 -17.323863983 -0.038795028 0.999161601 0.013076753 7.459197521 0.043636944 -0.011380094 0.998982608 377.101593018
0.998174548 0.039183874 -0.045958292 -17.380985260 -0.038591217 0.999161005 0.013712999 7.477341175 0.046457060 -0.011914381 0.998849213 378.246612549
0.998019397 0.038633648 -0.049646389 -17.442295074 -0.038069520 0.999199867 0.012259096 7.494791985 0.050080281 -0.010344801 0.998691618 379.371154785
0.997866809 0.037607867 -0.053362135 -17.510223389 -0.037173465 0.999267280 0.009110318 7.507656097 0.053665657 -0.007107228 0.998533666 380.488098145
0.997728109 0.036084924 -0.056889784 -17.573362350 -0.035805650 0.999341249 0.005921067 7.521044731 0.057065967 -0.003870640 0.998362899 381.618377686
0.997556508 0.035926234 -0.059918921 -17.650558472 -0.035705216 0.999351025 0.004755556 7.532362938 0.060050886 -0.002604518 0.998191893 382.757110596
0.997314513 0.037107684 -0.063140534 -17.728229523 -0.036875859 0.999308169 0.004833390 7.544465542 0.063276209 -0.002492049 0.997992933 383.893890381
0.997048318 0.039118461 -0.066063240 -17.818302155 -0.038848422 0.999230683 0.005367730 7.555174351 0.066222392 -0.002785434 0.997801006 385.041076660
0.996853530 0.039363366 -0.068800814 -17.905101776 -0.038909972 0.999211371 0.007918249 7.570649147 0.069058247 -0.005216297 0.997599006 386.195220947
0.996608257 0.040974528 -0.071365818 -18.000070572 -0.040174570 0.999113083 0.012609369 7.591081142 0.071819194 -0.009699509 0.997370481 387.349426270
0.996349394 0.041970167 -0.074339420 -18.090423584 -0.040960010 0.999047279 0.015061959 7.611956596 0.074900746 -0.011962030 0.997119248 388.524627686
0.996053219 0.043157898 -0.077558987 -18.188840866 -0.042344272 0.999029756 0.012105329 7.634652615 0.078006171 -0.008773373 0.996914268 389.704162598
0.995752573 0.043908585 -0.080925256 -18.291128159 -0.043432835 0.999027193 0.007630665 7.657004833 0.081181586 -0.004083441 0.996690989 390.878143311
0.995445907 0.046008199 -0.083490960 -18.403087616 -0.045567513 0.998935461 0.007177174 7.667979240 0.083732292 -0.003340013 0.996482670 392.070739746
0.995141923 0.047864884 -0.086032182 -18.511241913 -0.047248706 0.998840928 0.009185343 7.685028553 0.086372122 -0.005075810 0.996250033 393.266601562
0.994947135 0.048053402 -0.088153645 -18.625614166 -0.047278702 0.998822749 0.010856318 7.697868347 0.088571548 -0.006633674 0.996047735 394.465911865
0.994790435 0.046597760 -0.090667441 -18.738960266 -0.045649115 0.998879194 0.012509774 7.721687794 0.091148749 -0.008305717 0.995802641 395.671875000
0.994716942 0.044168342 -0.092668079 -18.853239059 -0.042965185 0.998964846 0.014939632 7.743759155 0.093232013 -0.010879205 0.995584965 396.879211426
0.994488001 0.043194745 -0.095539548 -18.962879181 -0.041834008 0.998993218 0.016201019 7.776466370 0.096143156 -0.012114918 0.995293796 398.087371826
0.994282126 0.042977817 -0.097754724 -19.105184555 -0.041503813 0.998992622 0.017063353 7.806824684 0.098389596 -0.012908594 0.995064259 399.314819336
0.993991852 0.042870700 -0.100709006 -19.222541809 -0.041402124 0.999004185 0.016628431 7.828574657 0.101321593 -0.012358959 0.994776964 400.513000488
0.993801951 0.042570513 -0.102691181 -19.362037659 -0.041253727 0.999037385 0.014913654 7.852087498 0.103227213 -0.010584825 0.994601488 401.771362305
0.993637919 0.040141407 -0.105225511 -19.489887238 -0.039003395 0.999156415 0.012851410 7.881269932 0.105652615 -0.008665496 0.994365335 402.998962402
0.993471742 0.038513992 -0.107380390 -19.625633240 -0.037447069 0.999227345 0.011935384 7.905765057 0.107757106 -0.007836386 0.994146347 404.239227295
