1.000000000 0.000000000 0.000000000 0.000000000 0.000000000 1.000000000 0.000000000 0.000000000 0.000000000 0.000000000 1.000000000 0.000000000
0.999990642 0.000303685 -0.004318845 -0.007054841 -0.000300802 0.999999702 0.000668236 0.011557936 0.004319047 -0.000666931 0.999990463 1.296951652
0.999957681 0.002822393 -0.008757758 -0.029086448 -0.002834243 0.999995112 -0.001340906 0.014569284 0.008753930 0.001365671 0.999960780 2.634996653
0.999900043 0.004973827 -0.013236378 -0.056174912 -0.005039624 0.999975085 -0.004942241 0.023671176 0.013211466 0.005008454 0.999900162 3.947789907
0.999808788 0.007198925 -0.018181914 -0.087666705 -0.007313270 0.999953866 -0.006230310 0.030754229 0.018136224 0.006362088 0.999815285 5.268459320
0.999704421 0.007239489 -0.023209509 -0.125945970 -0.007361484 0.999959528 -0.005175129 0.030222472 0.023171103 0.005344456 0.999717236 6.587801456
0.999575794 0.006309084 -0.028433299 -0.163584352 -0.006471412 0.999963284 -0.005620701 0.035214696 0.028396793 0.005802321 0.999579906 7.947315216
0.999408722 0.006312236 -0.033798065 -0.208031386 -0.006580619 0.999947667 -0.007835437 0.039825041 0.033746839 0.008053216 0.999397993 9.292056084
0.999209046 0.005858797 -0.039331067 -0.263151139 -0.006209697 0.999941945 -0.008805458 0.039658960 0.039277192 0.009042728 0.999187410 10.646673203
0.998989046 0.006531766 -0.044476569 -0.328763336 -0.006894094 0.999944270 -0.007997985 0.040060133 0.044421848 0.008296525 0.998978436 11.990300179
0.998788893 0.007373561 -0.048645165 -0.401412994 -0.007708790 0.999947786 -0.006707302 0.045660298 0.048593167 0.007074174 0.998793602 13.395706177
0.998627007 0.007786858 -0.051801719 -0.478403002 -0.008080983 0.999952376 -0.005470874 0.051441565 0.051756650 0.005881972 0.998642385 14.766793251
0.998448551 0.007922617 -0.055115633 -0.552110136 -0.008218554 0.999952972 -0.005144797 0.053901501 0.055072282 0.005589786 0.998466730 16.144193649
0.998304188 0.007761952 -0.057693120 -0.648824096 -0.008089054 0.999952495 -0.005438308 0.051801346 0.057648167 0.005895768 0.998319566 17.540203094
0.998152375 0.007951369 -0.060237736 -0.747581422 -0.008184542 0.999959946 -0.003625134 0.051413033 0.060206495 0.004111454 0.998177469 18.906978607
0.997926533 0.010229775 -0.063544825 -0.844547391 -0.010359125 0.999944866 -0.001706437 0.051092148 0.063523866 0.002361167 0.997977555 20.342529297
0.997721016 0.011547101 -0.066478588 -0.941637814 -0.011578410 0.999932945 -0.000085686 0.055063099 0.066473141 0.000855207 0.997787833 21.737337112
0.997545004 0.012615263 -0.068882965 -1.059876680 -0.012697739 0.999919116 -0.000759598 0.064872153 0.068867803 0.001632391 0.997624457 23.136318207
0.997355700 0.012020221 -0.071673721 -1.172228813 -0.012215378 0.999922752 -0.002285134 0.072134517 0.071640715 0.003154613 0.997425497 24.536802292
0.997110784 0.010689043 -0.075205378 -1.280766964 -0.010935093 0.999936104 -0.002860681 0.078240037 0.075169995 0.003674794 0.997163951 25.921901703
0.996810377 0.008830515 -0.079316609 -1.385596991 -0.009127374 0.999952614 -0.003380945 0.078005366 0.079282992 0.004094114 0.996843755 27.350870132
0.996457219 0.006654694 -0.083837263 -1.503897548 -0.006994595 0.999968469 -0.003761229 0.078983493 0.083809584 0.004334312 0.996472359 28.754215240
0.996065259 0.005748631 -0.088436104 -1.632334828 -0.006124055 0.999973357 -0.003974408 0.077560864 0.088410899 0.004500357 0.996073902 30.152385712
0.995613515 0.005591386 -0.093394235 -1.763198853 -0.006026589 0.999972284 -0.004378468 0.078801826 0.093367159 0.004922110 0.995619595 31.597574234
0.995203376 0.007513791 -0.097538464 -1.912318349 -0.007944657 0.999960303 -0.004029764 0.080428667 0.097504318 0.004785344 0.995223582 32.985511780
0.994782507 0.009206687 -0.101602420 -2.070343733 -0.009482995 0.999952555 -0.002236829 0.079864226 0.101577006 0.003188653 0.994822562 34.413211823
0.994316399 0.011166735 -0.105878301 -2.230105639 -0.011313557 0.999935687 -0.000786169 0.081684180 0.105862707 0.001979561 0.994378805 35.810783386
0.993783772 0.012211920 -0.110655524 -2.385004282 -0.012286433 0.999924541 0.000008490 0.084981069 0.110647276 0.001351125 0.993858814 37.248641968
0.993262947 0.013528978 -0.115089729 -2.552618265 -0.013536927 0.999908090 0.000712544 0.087161988 0.115088798 0.000850218 0.993354857 38.664154053
0.992685080 0.015588253 -0.119721897 -2.727564573 -0.015594506 0.999877989 0.000884701 0.094638884 0.119721085 0.000988775 0.992807090 40.076416016
0.992028594 0.019062825 -0.124562584 -2.905430317 -0.019074252 0.999817491 0.001100976 0.102195114 0.124560833 0.001283739 0.992211163 41.486801147
0.991438210 0.023283634 -0.128484175 -3.102672100 -0.023442168 0.999725163 0.000278432 0.104719415 0.128455341 0.002735899 0.991711497 42.866245270
0.990863681 0.027415777 -0.132051423 -3.308500051 -0.027913993 0.999608457 -0.001922881 0.098462127 0.131947011 0.005591396 0.991240978 44.281181335
0.990286946 0.028867839 -0.136008739 -3.497331619 -0.029622268 0.999554932 -0.003525905 0.103340492 0.135846421 0.007520545 0.990701377 45.676929474
0.989855111 0.027205016 -0.139451444 -3.709102154 -0.028056057 0.999597788 -0.004140209 0.099431492 0.139282718 0.008010665 0.990220249 47.088748932
0.989515960 0.023217464 -0.142544970 -3.914855957 -0.024015624 0.999704063 -0.003881242 0.099248096 0.142412677 0.007263858 0.989780724 48.477226257
0.989123225 0.020227406 -0.145691842 -4.125097752 -0.020803547 0.999780655 -0.002431867 0.092084005 0.145610690 0.005436323 0.989327013 49.871135712
0.988773406 0.017552560 -0.148388058 -4.330674648 -0.017920768 0.999838769 -0.001144627 0.094114102 0.148344040 0.003791004 0.988928556 51.273174286
0.988451481 0.014995240 -0.150794089 -4.549511909 -0.015361743 0.999881208 -0.001265829 0.089330614 0.150757194 0.003567670 0.988564372 52.670593262
0.988122702 0.013499677 -0.153073013 -4.763472557 -0.013960956 0.999900639 -0.001938946 0.089869320 0.153031632 0.004052962 0.988213003 54.049980164
0.987822652 0.013376943 -0.155007824 -4.989867210 -0.013974716 0.999898493 -0.002767320 0.091104969 0.154955074 0.004899811 0.987909377 55.448295593
0.987601042 0.012899436 -0.156453699 -5.216321468 -0.013547005 0.999903500 -0.003073403 0.090399556 0.156398952 0.005154775 0.987680495 56.835376740
0.987426102 0.012408210 -0.157593697 -5.448744774 -0.013033487 0.999910772 -0.002934782 0.083401255 0.157543227 0.004951875 0.987499654 58.228862762
0.987298250 0.011684358 -0.158447534 -5.680116177 -0.012510437 0.999912858 -0.004217123 0.087785229 0.158384442 0.006145806 0.987358391 59.603481293
0.987065792 0.011907613 -0.159872815 -5.910341263 -0.012931686 0.999902010 -0.005366638 0.081089973 0.159793243 0.007364650 0.987123013 61.014915466
0.986952245 0.012212440 -0.160549626 -6.148612976 -0.013568982 0.999880910 -0.007355675 0.080067739 0.160440668 0.009438194 0.987000346 62.386882782
0.986897051 0.013118973 -0.160817087 -6.381933689 -0.014433586 0.999871254 -0.007009075 0.070341758 0.160704434 0.009238402 0.986959338 63.821224213
0.986992836 0.014586383 -0.160101086 -6.625092030 -0.015815480 0.999854386 -0.006405365 0.071761928 0.159984350 0.008854125 0.987079859 65.224525452
0.986974359 0.014707511 -0.160203800 -6.854557991 -0.015652671 0.999866724 -0.004639300 0.064109206 0.160114214 0.007086487 0.987073064 66.634742737
0.986988366 0.012972089 -0.160267711 -7.085472584 -0.014026153 0.999886811 -0.005447316 0.064003430 0.160178915 0.007624377 0.987058580 68.037475586
0.987101734 0.009001402 -0.159841046 -7.324282646 -0.010300437 0.999920309 -0.007300344 0.055408157 0.159762591 0.008852614 0.987115800 69.470260620
0.987225533 0.005305050 -0.159240723 -7.550000668 -0.006645674 0.999946833 -0.007887500 0.051905360 0.159190401 0.008845004 0.987208247 70.889122009
0.987313271 0.001900584 -0.158773065 -7.784924507 -0.002982361 0.999973953 -0.006575363 0.040842004 0.158756420 0.006965462 0.987293184 72.333786011
0.987435699 -0.001256740 -0.158016175 -8.012824059 0.000524905 0.999988973 -0.004673040 0.035230514 0.158020303 0.004531383 0.987425447 73.760818481
0.987530172 -0.003093421 -0.157399416 -8.245448112 0.002450146 0.999987841 -0.004280767 0.033038162 0.157410756 0.003841735 0.987525761 75.208786011
0.987685680 -0.003960568 -0.156401113 -8.478360176 0.003635256 0.999990582 -0.002365967 0.034432020 0.156409025 0.001768274 0.987690806 76.642921448
0.987845659 -0.002422840 -0.155419216 -8.707356453 0.002476774 0.999996901 0.000153380 0.033305734 0.155418366 -0.000536454 0.987848580 78.098930359
0.988058567 -0.002878867 -0.154052064 -8.937726021 0.002837993 0.999995828 -0.000485238 0.041590407 0.154052824 0.000042245 0.988062620 79.553642273
0.988223970 -0.000741623 -0.153012574 -9.176182747 0.000072344 0.999990404 -0.004379534 0.036481887 0.153014347 0.004316891 0.988214552 81.014503479
0.988366842 0.000937877 -0.152085915 -9.406119347 -0.002335837 0.999956667 -0.009013511 0.036811642 0.152070865 0.009263903 0.988326192 82.447372437
0.988460481 0.007711719 -0.151282623 -9.647417068 -0.009665895 0.999879003 -0.012186259 0.020569947 0.151170343 0.013507918 0.988415420 83.897743225
0.988711774 0.008889203 -0.149566010 -9.877629280 -0.010412498 0.999901533 -0.009404756 0.014719773 0.149467692 0.010855949 0.988707006 85.348632812
0.988787353 0.009703669 -0.149014905 -10.107851982 -0.009580878 0.999952912 0.001541867 0.007216863 0.149022847 -0.000096885 0.988833725 86.831405640
0.988788247 0.002239124 -0.149307698 -10.316451073 -0.001174957 0.999973297 0.007215173 0.013315595 0.149319857 -0.006958848 0.988764465 88.306076050
0.988680005 -0.009514852 -0.149737522 -10.531630516 0.010247113 0.999939024 0.004119499 0.020794183 0.149689198 -0.005607244 0.988717198 89.776443481
0.988476217 -0.016419427 -0.150482953 -10.746835709 0.016074300 0.999864638 -0.003509643 0.031437658 0.150520220 0.001050291 0.988606393 91.235160828
0.988438129 -0.019440841 -0.150373429 -10.968750954 0.018533435 0.999800622 -0.007433562 0.031102628 0.150487959 0.004560680 0.988601327 92.669967651
0.988449454 -0.017567683 -0.150529414 -11.203149796 0.016853608 0.999839842 -0.006018289 0.016127244 0.150611043 0.003411810 0.988587201 94.150924683
0.988387764 -0.016542910 -0.151049718 -11.428745270 0.016220106 0.999862790 -0.003368998 0.015132688 0.151084721 0.000879834 0.988520443 95.604934692
0.988308370 -0.013315422 -0.151885584 -11.669402122 0.013243133 0.999911189 -0.001487570 0.012779795 0.151891902 -0.000541263 0.988396943 97.066375732
0.988291860 -0.010463794 -0.152215824 -11.904220581 0.010592719 0.999943912 0.000036077 0.022726960 0.152206913 -0.001648033 0.988347292 98.530609131
0.988150716 -0.011454283 -0.153058544 -12.141714096 0.011660951 0.999931931 0.000452596 0.023476690 0.153042942 -0.002232041 0.988216996 100.028778076
0.988000989 -0.015495775 -0.153668374 -12.362689018 0.015345681 0.999879897 -0.002162877 0.031166039 0.153683424 -0.000221221 0.988120139 101.502403259
0.987663627 -0.020808935 -0.155201539 -12.588835716 0.020758597 0.999782622 -0.001945222 0.025893614 0.155208275 -0.001300541 0.987880886 102.972373962
0.987319231 -0.025900595 -0.156620160 -12.814209938 0.026028588 0.999660432 -0.001234026 0.030099213 0.156598940 -0.002858224 0.987658143 104.447883606
0.987242997 -0.028009092 -0.156738028 -13.056467056 0.028056847 0.999604523 -0.001908211 0.030298606 0.156729490 -0.002513706 0.987638354 105.943122864
0.987331033 -0.027943563 -0.156194180 -13.300675392 0.028036986 0.999605596 -0.001605408 0.034580261 0.156177431 -0.002794144 0.987725079 107.411354065
0.987177253 -0.027521588 -0.157237634 -13.536846161 0.027585428 0.999617875 -0.001776697 0.036905959 0.157226443 -0.002583552 0.987559199 108.911216736
0.987083554 -0.029735895 -0.157422349 -13.773636818 0.029143959 0.999556780 -0.006067703 0.028406918 0.157533005 0.001401420 0.987512708 110.369956970
0.986768425 -0.035232600 -0.158261791 -14.006214142 0.033459980 0.999344051 -0.013851957 0.021712333 0.158646017 0.008373237 0.987300038 111.857162476
0.986520410 -0.037867632 -0.159196675 -14.239147186 0.036120702 0.999251425 -0.013853792 0.018302351 0.159602106 0.007916754 0.987149656 113.343528748
0.986387432 -0.037274092 -0.160157546 -14.482219696 0.036064923 0.999294817 -0.010451072 -0.004346997 0.160434157 0.004532737 0.987036109 114.822578430
0.986373186 -0.035139669 -0.160727099 -14.729104042 0.034005698 0.999373555 -0.009801392 -0.010346889 0.160970837 0.004202193 0.986950219 116.298393250
0.986444771 -0.031698931 -0.161002830 -14.980608940 0.030914070 0.999494791 -0.007378099 -0.016915262 0.161155373 0.002300835 0.986926377 117.790008545
0.986533523 -0.029275332 -0.160917804 -15.240657806 0.029078750 0.999570727 -0.003576987 -0.017207503 0.160953447 -0.001150471 0.986961305 119.293739319
0.986533046 -0.029275507 -0.160920799 -15.490685463 0.029514821 0.999563932 -0.000903522 -0.021198601 0.160877079 -0.003858194 0.986966908 120.798637390
0.986474097 -0.029611612 -0.161220208 -15.758538246 0.029721970 0.999556720 -0.001727641 -0.015406311 0.161199898 -0.003087509 0.986916959 122.314399719
0.986403167 -0.031443026 -0.161307529 -16.004556656 0.031203214 0.999504983 -0.004020329 -0.009397358 0.161354080 -0.001067648 0.986895978 123.810417175
0.986359477 -0.032376677 -0.161389992 -16.252935410 0.032084145 0.999475420 -0.004419076 -0.003886700 0.161448404 -0.000819261 0.986880839 125.326057434
0.986384571 -0.032917261 -0.161126986 -16.499322891 0.032653388 0.999457538 -0.004286099 0.002300918 0.161180660 -0.001033599 0.986924350 126.835731506
0.986455858 -0.034004234 -0.160463437 -16.760751724 0.033843018 0.999420166 -0.003738369 -0.008174419 0.160497516 -0.001742831 0.987034678 128.352371216
0.986426175 -0.035674971 -0.160283282 -17.002456665 0.035673469 0.999359310 -0.002887852 -0.006187439 0.160283610 -0.002869207 0.987066805 129.878143311
0.986257732 -0.039631143 -0.160390377 -17.251136780 0.039946336 0.999201059 -0.001260025 -0.005462885 0.160312161 -0.005164298 0.987052858 131.406814575
0.986170530 -0.042686943 -0.160142258 -17.495191574 0.043019198 0.999073267 -0.001393263 0.004870087 0.160053313 -0.005515194 0.987092972 132.939163208
0.986179352 -0.045539409 -0.159299731 -17.760988235 0.045664288 0.998952687 -0.002878442 0.002566814 0.159263968 -0.004435648 0.987226069 134.472640991
0.986052692 -0.049436644 -0.158921584 -18.002006531 0.049413122 0.998769999 -0.004101984 0.003982246 0.158928901 -0.003808038 0.987282693 136.009658813
0.986084104 -0.051259514 -0.158147424 -18.257926941 0.051161978 0.998679340 -0.004690581 0.004715264 0.158179000 -0.003465827 0.987404346 137.547088623
0.985955954 -0.054269940 -0.157941908 -18.503732681 0.054350358 0.998514652 -0.003813256 0.004417300 0.157914251 -0.004824495 0.987441063 139.103271484
0.986009479 -0.056107748 -0.156962425 -18.756988525 0.056482207 0.998401463 -0.002077349 0.007384419 0.156828061 -0.006817298 0.987602413 140.662216187
0.986025333 -0.058950298 -0.155816868 -19.004589081 0.059568349 0.998223960 -0.000704030 0.008283496 0.155581638 -0.008587561 0.987785697 142.219558716
0.985980749 -0.060742505 -0.155410275 -19.254039764 0.061163396 0.998125613 -0.002076552 0.015609860 0.155245110 -0.007457980 0.987847805 143.809036255
0.985910058 -0.062298737 -0.155242324 -19.494714737 0.062279921 0.998046219 -0.004989744 0.019104898 0.155249879 -0.004749042 0.987863839 145.371109009
0.985879660 -0.062500045 -0.155354515 -19.753282547 0.062231205 0.998039961 -0.006598210 0.010620594 0.155462399 -0.003162856 0.987836719 146.965255737
0.985819101 -0.061587136 -0.156101525 -20.002403259 0.061419282 0.998094618 -0.005903121 0.010729909 0.156167656 -0.003768235 0.987723351 148.548873901
0.985886157 -0.059720736 -0.156402916 -20.271768570 0.059875362 0.998198926 -0.003726774 -0.006148279 0.156343788 -0.005690506 0.987686276 150.138397217
0.985844791 -0.057785392 -0.157387719 -20.524940491 0.058096629 0.998307526 -0.002626201 -0.004383564 0.157273099 -0.006554669 0.987533391 151.713562012
0.985862315 -0.055765953 -0.158005133 -20.789260864 0.056151167 0.998420238 -0.002028658 -0.010349572 0.157868654 -0.006872195 0.987436235 153.304672241
0.985802293 -0.053748697 -0.159075052 -21.049972534 0.054083347 0.998533964 -0.002227944 -0.005025029 0.158961594 -0.006406997 0.987263978 154.882247925
0.985618830 -0.052688744 -0.160559759 -21.311023712 0.053021576 0.998590887 -0.002213740 -0.008302033 0.160450146 -0.006331227 0.987023652 156.473617554
0.985444427 -0.052607648 -0.161653042 -21.565969467 0.052997600 0.998592854 -0.001901794 -0.006703019 0.161525622 -0.006693111 0.986845851 158.037887573
0.985308826 -0.052512638 -0.162508339 -21.833641052 0.052992731 0.998593926 -0.001382072 -0.014038086 0.162352413 -0.007249993 0.986706197 159.608703613
0.985010326 -0.054654840 -0.163607806 -22.093961716 0.055265620 0.998471379 -0.000819549 -0.015605450 0.163402513 -0.008234622 0.986525118 161.177993774
0.984809577 -0.054496005 -0.164864406 -22.354785919 0.054965716 0.998486757 -0.001715195 -0.021585166 0.164708391 -0.007372748 0.986314774 162.735885620
0.984653413 -0.053262874 -0.166194975 -22.609815598 0.053343806 0.998568296 -0.003980001 -0.019278884 0.166169018 -0.004946552 0.986084878 164.305847168
0.984722495 -0.050708193 -0.166584164 -22.891485214 0.050746460 0.998703420 -0.004029590 -0.027819216 0.166572511 -0.004485528 0.986019015 165.864593506
0.984669268 -0.049636871 -0.167220429 -23.160087585 0.050209831 0.998738348 -0.000802356 -0.026015341 0.167049289 -0.007606052 0.985919237 167.414489746
0.984331727 -0.051853828 -0.168529749 -23.423517227 0.053058077 0.998587906 0.002647241 -0.033982038 0.168154508 -0.011547628 0.985693038 168.987014771
0.983955920 -0.056985933 -0.169066012 -23.688287735 0.058157489 0.998305440 0.001981718 -0.025967896 0.168666601 -0.011782378 0.985602736 170.521530151
0.983571529 -0.059235189 -0.170523256 -23.953073502 0.059915822 0.998202741 -0.001156632 -0.023459017 0.170285299 -0.009079411 0.985352993 172.056594849
0.983724892 -0.054253470 -0.171294689 -24.221645355 0.053955410 0.998522818 -0.006398620 -0.027319968 0.171388820 -0.002947793 0.985199034 173.592941284
0.984000564 -0.050521594 -0.170852259 -24.502252579 0.050137691 0.998720765 -0.006563851 -0.037266135 0.170965314 -0.002107305 0.985274792 175.134704590
0.984374404 -0.044105586 -0.170475006 -24.786996841 0.044948567 0.998988688 0.001086595 -0.042620838 0.170254692 -0.008732223 0.985361397 176.671691895
0.984194219 -0.044434931 -0.171427116 -25.053941727 0.045793306 0.998943031 0.003975709 -0.032349527 0.171069264 -0.011763084 0.985188782 178.227539062
0.983771861 -0.051386140 -0.171908170 -25.317464828 0.053011563 0.998582006 0.004874752 -0.027050912 0.171413913 -0.013908763 0.985100925 179.755615234
0.983325839 -0.056870412 -0.172731310 -25.574972153 0.058498286 0.998278081 0.004344264 -0.019984245 0.172186822 -0.014376312 0.984959424 181.266021729
0.983084977 -0.060576726 -0.172841951 -25.835605621 0.061698575 0.998094201 0.001120483 -0.010517657 0.172444686 -0.011765633 0.984948933 182.788391113
0.983062208 -0.061194230 -0.172753945 -26.105831146 0.061666317 0.998093307 -0.002637995 -0.008324623 0.172585994 -0.008059785 0.984961510 184.334167480
0.983309865 -0.059042335 -0.172092035 -26.380222321 0.059011567 0.998243213 -0.005299219 -0.008886158 0.172102585 -0.004944645 0.985066652 185.836791992
0.983410776 -0.057635665 -0.171992272 -26.645500183 0.057590853 0.998326421 -0.005254541 -0.010580182 0.172007293 -0.004737810 0.985084295 187.367095947
0.983504057 -0.056773096 -0.171745613 -26.914646149 0.057070881 0.998364985 -0.003207222 -0.012884915 0.171646878 -0.006647358 0.985136092 188.880752563
0.983408391 -0.058874588 -0.171585903 -27.177591324 0.059568021 0.998223662 -0.001109156 -0.011391044 0.171346411 -0.009130280 0.985168517 190.401535034
0.983363330 -0.060104743 -0.171417460 -27.439613342 0.060993675 0.998138130 -0.000081027 -0.009201050 0.171103165 -0.010375699 0.985198498 191.897628784
0.983266830 -0.062420487 -0.171143308 -27.708171844 0.063005559 0.998011112 -0.002016261 -0.013055205 0.170928776 -0.008800457 0.985244095 193.442306519
0.983136296 -0.064373404 -0.171169817 -27.966648102 0.064658031 0.997899771 -0.003917460 -0.014316678 0.171062514 -0.007216107 0.985233724 194.942825317
0.983235717 -0.063968077 -0.170750007 -28.226505280 0.063834302 0.997940779 -0.006279247 -0.019397736 0.170800060 -0.004725727 0.985294402 196.453430176
0.983483136 -0.061235063 -0.170326769 -28.490356445 0.060565140 0.998122454 -0.009131284 -0.025515079 0.170566142 -0.001335401 0.985345304 197.951690674
0.983743846 -0.057255901 -0.170205250 -28.759271622 0.056522410 0.998359323 -0.009155943 -0.035150886 0.170450240 -0.000613308 0.985366106 199.452911377
0.983861566 -0.052814290 -0.170959309 -29.027826309 0.052453894 0.998601377 -0.006627619 -0.048927724 0.171070233 -0.002446821 0.985255778 200.944259644
0.983875632 -0.050323039 -0.171628579 -29.291574478 0.050467614 0.998719454 -0.003523567 -0.055358112 0.171586126 -0.005194933 0.985155404 202.436477661
0.983763993 -0.048910197 -0.172673583 -29.557178497 0.049613062 0.998768508 -0.000245647 -0.063736439 0.172472954 -0.008325207 0.984979093 203.927536011
0.983564258 -0.050693274 -0.173295990 -29.823085785 0.051782485 0.998656809 0.001767017 -0.060568571 0.172973648 -0.010711672 0.984868228 205.406494141
0.983014941 -0.054792978 -0.175155371 -30.081163406 0.055944979 0.998432517 0.001642312 -0.066618562 0.174790815 -0.011413480 0.984539449 206.892501831
0.982600868 -0.059646912 -0.175891489 -30.342369080 0.060505364 0.998167753 -0.000483262 -0.063483477 0.175598040 -0.010167524 0.984409451 208.357528687
0.982171476 -0.061454743 -0.177658573 -30.597976685 0.061974782 0.998074234 -0.002626033 -0.062749505 0.177477822 -0.008431135 0.984088659 209.856292725
0.981972992 -0.060660265 -0.179023311 -30.858135223 0.061011940 0.998130739 -0.003545884 -0.059393644 0.178903759 -0.007440597 0.983838439 211.321655273
0.982000172 -0.058686208 -0.179531708 -31.144268036 0.058939680 0.998253822 -0.003926634 -0.073966384 0.179448649 -0.006725586 0.983744323 212.802108765
0.982089460 -0.056368794 -0.179785714 -31.419670105 0.056637488 0.998388171 -0.003642443 -0.078326106 0.179701254 -0.006605407 0.983699083 214.258926392
0.982094467 -0.054563820 -0.180314198 -31.685836792 0.054637022 0.998495877 -0.004564418 -0.080028057 0.180292025 -0.005369141 0.983598471 215.715362549
0.982091129 -0.053853631 -0.180545926 -31.953105927 0.054012533 0.998532057 -0.004039686 -0.084195554 0.180498466 -0.005784403 0.983558238 217.170944214
0.982299089 -0.050958432 -0.180254698 -32.238372803 0.050906572 0.998691320 -0.004916731 -0.095210135 0.180269346 -0.004346448 0.983607709 218.602188110
0.982491136 -0.046617832 -0.180382803 -32.510520935 0.045873784 0.998912811 -0.008296612 -0.101204693 0.180573463 -0.000123493 0.983561516 220.045501709
0.982498050 -0.049140908 -0.179673970 -32.778888702 0.048935387 0.998786390 -0.005578698 -0.111246586 0.179730058 -0.003311354 0.983710408 221.506744385
0.982486784 -0.048660766 -0.179866254 -33.044151306 0.049639862 0.998766720 0.000943776 -0.112813950 0.179598510 -0.009855784 0.983690619 222.951568604
0.982078612 -0.054244291 -0.180496991 -33.304279327 0.055311598 0.998468757 0.000881497 -0.111898780 0.180172786 -0.010849276 0.983575165 224.400039673
0.981702924 -0.060000200 -0.180719107 -33.558700562 0.060633697 0.998158038 -0.002021964 -0.108611345 0.180507556 -0.008972700 0.983532667 225.837005615
0.981605411 -0.062146530 -0.180523068 -33.821952820 0.062370352 0.998043180 -0.004441772 -0.108711600 0.180445850 -0.006899219 0.983560741 227.280364990
0.981753588 -0.060774341 -0.180184171 -34.091667175 0.060925916 0.998131216 -0.004698145 -0.113407373 0.180132985 -0.006365464 0.983621657 228.721420288
0.981889546 -0.058768179 -0.180108935 -34.359958649 0.059002250 0.998249590 -0.004062084 -0.119615436 0.180032387 -0.006638316 0.983638287 230.150024414
0.981989264 -0.059204489 -0.179420903 -34.625511169 0.059664108 0.998214483 -0.002838381 -0.123797536 0.179268584 -0.007917728 0.983768284 231.580947876
0.981927097 -0.059550047 -0.179646850 -34.886405945 0.060224205 0.998183429 -0.001703862 -0.129973292 0.179421976 -0.009146022 0.983729720 233.011886597
0.981895089 -0.060881510 -0.179375350 -35.150035858 0.061293833 0.998114467 -0.003247958 -0.126267076 0.179234877 -0.007805449 0.983775377 234.437698364
0.981952012 -0.061155748 -0.178969949 -35.413204193 0.061388567 0.998104930 -0.004242211 -0.137716055 0.178890228 -0.006821061 0.983845413 235.862457275
0.982141018 -0.061066937 -0.177960381 -35.670475006 0.061221391 0.998113453 -0.004628537 -0.137639880 0.177907303 -0.006349105 0.984026790 237.288772583
0.982446849 -0.060024064 -0.176621795 -35.931705475 0.060391676 0.998169303 -0.003298388 -0.150789618 0.176496431 -0.007425994 0.984273255 238.710067749
0.982687354 -0.060769975 -0.175021723 -36.181694031 0.061107945 0.998125136 -0.003462655 -0.151621580 0.174904004 -0.007292510 0.984558463 240.134613037
0.982923865 -0.061336700 -0.173489138 -36.445724487 0.061286256 0.998104215 -0.005652776 -0.153692603 0.173506960 -0.005076251 0.984819531 241.590667725
0.983165443 -0.062214497 -0.171799362 -36.686038971 0.061922476 0.998055995 -0.007063531 -0.152755260 0.171904832 -0.003693620 0.985106647 243.023651123
0.983593225 -0.062071301 -0.169385806 -36.946617126 0.061943695 0.998061359 -0.006042823 -0.164288640 0.169432521 -0.004548703 0.985531271 244.458206177
0.984001756 -0.062366284 -0.166886181 -37.191486359 0.062499743 0.998035014 -0.004457403 -0.164178848 0.166836247 -0.006044251 0.985966086 245.894851685
0.984208405 -0.064223245 -0.164952114 -37.434631348 0.064396583 0.997915089 -0.004302388 -0.168481827 0.164884523 -0.006387905 0.986292183 247.325454712
0.984279454 -0.067104056 -0.163373902 -37.669898987 0.067222469 0.997726440 -0.004809832 -0.168238759 0.163325220 -0.006248177 0.986552477 248.760574341
0.984427273 -0.067645289 -0.162256166 -37.904262543 0.067560092 0.997696877 -0.006049076 -0.176238298 0.162291661 -0.005007166 0.986730099 250.194931030
0.984564960 -0.068763614 -0.160945490 -38.134628296 0.068652436 0.997621000 -0.006258287 -0.175762892 0.160992935 -0.004887608 0.986943483 251.638534546
0.984981894 -0.066519037 -0.159329623 -38.384078979 0.066413492 0.997774184 -0.005993163 -0.178515792 0.159373656 -0.004678480 0.987207234 253.087982178
0.985343337 -0.064793274 -0.157798424 -38.619483948 0.064812541 0.997884810 -0.005029284 -0.183229923 0.157790512 -0.005271745 0.987458527 254.531127930
0.985742927 -0.062574282 -0.156189904 -38.859256744 0.062745526 0.998022199 -0.003838664 -0.185106397 0.156121179 -0.006016281 0.987719595 256.000549316
0.986222088 -0.059429735 -0.154383078 -39.089675903 0.059782442 0.998208642 -0.002361070 -0.185079813 0.154246837 -0.006900858 0.988008261 257.439697266
0.986577570 -0.057527069 -0.152824402 -39.325294495 0.057995263 0.998315871 -0.001396112 -0.186189234 0.152647346 -0.007485719 0.988252401 258.911621094
0.986982763 -0.055700246 -0.150872618 -39.557735443 0.056354683 0.998410821 0.000062121 -0.186604142 0.150629401 -0.008563691 0.988553226 260.340606689
0.987321913 -0.054222062 -0.149182647 -39.786418915 0.054930050 0.998490036 0.000626436 -0.185074806 0.148923412 -0.008813104 0.988809466 261.823089600
0.987594724 -0.053645182 -0.147576660 -40.003349304 0.054257333 0.998526990 0.000122607 -0.182945490 0.147352695 -0.008128200 0.989050627 263.266235352
0.987808168 -0.053998593 -0.146011069 -40.223926544 0.054584954 0.998509109 0.000009423 -0.179857314 0.145792872 -0.007979316 0.989282966 264.741821289
0.988059640 -0.053249009 -0.144577637 -40.439506531 0.054034583 0.998537898 0.001509457 -0.174040377 0.144285873 -0.009303625 0.989492297 266.178924561
0.988200843 -0.053717218 -0.143434659 -40.648273468 0.054889649 0.998483479 0.004226604 -0.172867894 0.142990097 -0.012049810 0.989650786 267.646057129
0.988430619 -0.052942317 -0.142133787 -40.857570648 0.054455381 0.998493254 0.006774069 -0.166879058 0.141560987 -0.014435646 0.989824295 269.080291748
0.988720715 -0.050899263 -0.140856579 -41.068710327 0.052458756 0.998595834 0.007378187 -0.157395422 0.140283257 -0.014684129 0.990002513 270.529418945
0.989068270 -0.048529282 -0.139244035 -41.275566101 0.049986519 0.998725474 0.006985215 -0.148927450 0.138727576 -0.013869178 0.990233481 271.957611084
0.989388168 -0.046191320 -0.137758344 -41.482158661 0.047525391 0.998849452 0.006408958 -0.141370833 0.137303814 -0.012887966 0.990445137 273.406097412
0.989580929 -0.046301831 -0.136329606 -41.684722900 0.047600910 0.998846650 0.006282731 -0.132430375 0.135881484 -0.012706683 0.990643620 274.821289062
0.989706755 -0.046682008 -0.135282263 -41.874546051 0.047856737 0.998839378 0.005442780 -0.128168225 0.134871185 -0.011860924 0.990792155 276.248596191
0.989865780 -0.046401605 -0.134211257 -42.064441681 0.047415674 0.998865724 0.004367600 -0.117022872 0.133856356 -0.010687055 0.990943134 277.644714355
0.990057349 -0.045806315 -0.132996902 -42.267139435 0.046596371 0.998909771 0.002832412 -0.118667841 0.132722169 -0.009001423 0.991112411 279.079742432
0.990300953 -0.045105282 -0.131413743 -42.452308655 0.045539506 0.998962522 0.000299287 -0.113161564 0.131263912 -0.006280901 0.991327584 280.475189209
0.990534961 -0.043243814 -0.130270690 -42.644233704 0.043490417 0.999053419 -0.000952628 -0.113308787 0.130188569 -0.004721915 0.991478026 281.876281738
0.990744829 -0.042186249 -0.129015654 -42.827358246 0.042442836 0.999098599 -0.000761182 -0.111580551 0.128931478 -0.004721653 0.991642237 283.265747070
0.990897417 -0.042509940 -0.127730981 -43.008712769 0.042770088 0.999084711 -0.000706648 -0.118226826 0.127644107 -0.004762850 0.991808593 284.668182373
0.990975082 -0.044188645 -0.126553208 -43.186450958 0.044419222 0.999012470 -0.001000885 -0.117322147 0.126472458 -0.004629543 0.991959333 286.039459229
0.991125405 -0.043736827 -0.125528932 -43.366580963 0.043900508 0.999034822 -0.001463451 -0.121487975 0.125471786 -0.004060320 0.992088854 287.447174072
0.991277993 -0.043830939 -0.124285325 -43.538311005 0.044120174 0.999026120 -0.000425625 -0.121015847 0.124182947 -0.005061577 0.992246449 288.835571289
0.991483092 -0.042679116 -0.123043619 -43.717845917 0.043017317 0.999074340 0.000092105 -0.121784687 0.122925788 -0.005384326 0.992401242 290.217346191
0.991657317 -0.042193316 -0.121801063 -43.884750366 0.042708222 0.999086261 0.001618679 -0.118608117 0.121621475 -0.006807080 0.992553234 291.595458984
0.991898358 -0.040255520 -0.120486915 -44.060989380 0.040515281 0.999178886 -0.000293990 -0.116477489 0.120399818 -0.004589953 0.992714882 292.973663330
0.992184699 -0.039531711 -0.118350431 -44.230773926 0.039742164 0.999209821 -0.000582242 -0.110415220 0.118279926 -0.004125810 0.992971718 294.334228516
0.992412746 -0.038279183 -0.116840504 -44.395141602 0.038297590 0.999264181 -0.002088329 -0.111535847 0.116834477 -0.002402225 0.993148506 295.741607666
0.992616594 -0.039332341 -0.114740103 -44.552173615 0.039268799 0.999224722 -0.002814927 -0.106015146 0.114761867 -0.001711563 0.993391573 297.121337891
0.992736340 -0.041052856 -0.113089189 -44.715301514 0.040867936 0.999156713 -0.003953992 -0.110633254 0.113156147 -0.000696450 0.993576944 298.491821289
0.992846906 -0.043341439 -0.111250013 -44.871044159 0.043187633 0.999059796 -0.003793079 -0.111935318 0.111309811 -0.001038678 0.993785203 299.861236572
0.992980659 -0.044734932 -0.109490715 -45.021045685 0.044582404 0.998998344 -0.003841957 -0.111798823 0.109552912 -0.001066370 0.993980408 301.254638672
0.993178666 -0.046057936 -0.107120305 -45.167427063 0.045937665 0.998937845 -0.003591324 -0.111057580 0.107171938 -0.001354030 0.994239569 302.629394531
0.993396521 -0.046790563 -0.104756720 -45.315753937 0.046625160 0.998904347 -0.004028580 -0.112631261 0.104830444 -0.000882322 0.994489729 304.027954102
0.993767738 -0.046399601 -0.101354852 -45.459072113 0.046144847 0.998922944 -0.004857851 -0.114241898 0.101471089 0.000150572 0.994838476 305.414276123
0.994181275 -0.045364991 -0.097701631 -45.606269836 0.045175664 0.998970449 -0.004150236 -0.115583718 0.097789310 -0.000287650 0.995207071 306.815765381
0.994601488 -0.044776369 -0.093610518 -45.742847443 0.044619851 0.998996913 -0.003765440 -0.116154194 0.093685225 -0.000431775 0.995601773 308.218627930
0.994876981 -0.045106959 -0.090471677 -45.879245758 0.044963505 0.998982072 -0.003624171 -0.123718500 0.090543061 -0.000462320 0.995892406 309.622039795
0.995313406 -0.043426156 -0.086402833 -46.015796661 0.043176398 0.999056160 -0.004758168 -0.125160933 0.086527906 0.001005306 0.996248901 311.013366699
0.995599210 -0.043453727 -0.083030008 -46.123886108 0.043218106 0.999054909 -0.004633839 -0.127823979 0.083152898 0.001025047 0.996536255 312.413177490
0.995906711 -0.042558070 -0.079741091 -46.235195160 0.042420469 0.999094009 -0.003419609 -0.126143903 0.079814374 0.000022957 0.996809721 313.813964844
0.996123195 -0.043214310 -0.076622926 -46.342983246 0.043134939 0.999065638 -0.002691300 -0.132065475 0.076667637 -0.000624259 0.997056484 315.219421387
0.996392727 -0.042593185 -0.073398255 -46.457412720 0.042474259 0.999092519 -0.003181095 -0.135987610 0.073467135 0.000052083 0.997297645 316.594909668
0.996545434 -0.043540046 -0.070721082 -46.557807922 0.043377817 0.999051392 -0.003828862 -0.137054890 0.070820704 0.000747909 0.997488797 317.995513916
0.996654868 -0.044609413 -0.068477146 -46.654647827 0.044427361 0.999003887 -0.004179944 -0.131837845 0.068595394 0.001123703 0.997643948 319.385559082
0.996792853 -0.044952434 -0.066206545 -46.750736237 0.044780869 0.998988509 -0.004073839 -0.138203263 0.066322714 0.001095987 0.997797608 320.787994385
0.996953607 -0.045249518 -0.063529551 -46.846561432 0.045086436 0.998975098 -0.003999032 -0.142196774 0.063645393 0.001122528 0.997971952 322.175506592
0.997111142 -0.044725601 -0.061392426 -46.937717438 0.044499237 0.998996675 -0.005050126 -0.142964959 0.061556701 0.002303621 0.998100936 323.572753906
0.997290969 -0.043833159 -0.059070516 -47.022926331 0.043559741 0.999033332 -0.005909015 -0.142766088 0.059272427 0.003319911 0.998236299 324.963806152
0.997451305 -0.043576755 -0.056497578 -47.110733032 0.043326024 0.999044955 -0.005655818 -0.141832888 0.056690086 0.003193587 0.998386741 326.358215332
0.997619927 -0.044154823 -0.052961100 -47.191555023 0.043949064 0.999021053 -0.005043958 -0.142898425 0.053131972 0.002704362 0.998583853 327.753601074
0.997823656 -0.043647736 -0.049424630 -47.264343262 0.043458726 0.999043226 -0.004892929 -0.145711049 0.049590908 0.002734349 0.998765886 329.150177002
0.998001337 -0.043328784 -0.045998786 -47.325252533 0.043059982 0.999049246 -0.006819012 -0.160652012 0.046250511 0.004824677 0.998918235 330.548339844
0.998098254 -0.044714961 -0.042432304 -47.390094757 0.044465169 0.998987675 -0.006812973 -0.158338934 0.042693995 0.004913257 0.999076128 331.957916260
0.998330534 -0.042650364 -0.038949288 -47.452411652 0.042418145 0.999077022 -0.006769535 -0.176901519 0.039202064 0.005106077 0.999218285 333.359344482
0.998448253 -0.043437783 -0.034845375 -47.511672974 0.043251261 0.999045670 -0.006089254 -0.175797373 0.035076622 0.004572698 0.999374151 334.786346436
0.998638093 -0.041208260 -0.031997614 -47.550411224 0.041038401 0.999139845 -0.005947377 -0.185844317 0.032215171 0.004626146 0.999470234 336.197387695
0.998703301 -0.042145304 -0.028556671 -47.592105865 0.042032294 0.999105930 -0.004546481 -0.176831722 0.028722750 0.003340283 0.999581814 337.633422852
0.998870075 -0.040393353 -0.025039310 -47.641372681 0.040300224 0.999178708 -0.004213036 -0.190299079 0.025188925 0.003199185 0.999677598 339.037567139
0.998973310 -0.040032100 -0.021208238 -47.682617188 0.039949149 0.999192357 -0.004320806 -0.187649608 0.021364082 0.003469119 0.999765754 340.461822510
0.999017417 -0.040315665 -0.018408321 -47.718807220 0.040242966 0.999180675 -0.004302819 -0.189830184 0.018566709 0.003557786 0.999821305 341.918609619
0.999083102 -0.039988346 -0.015293713 -47.752269745 0.039932523 0.999194622 -0.003938549 -0.183405891 0.015438892 0.003324222 0.999875307 343.372589111
0.999171257 -0.038864996 -0.012096772 -47.778873444 0.038824782 0.999239743 -0.003541811 -0.192622572 0.012225227 0.003069221 0.999920547 344.792236328
0.999202609 -0.038860958 -0.009165697 -47.797504425 0.038837962 0.999241948 -0.002673809 -0.186258793 0.009262656 0.002315701 0.999954402 346.243133545
0.999255717 -0.038118202 -0.005920143 -47.828437805 0.038106047 0.999271393 -0.002152884 -0.189796343 0.005997893 0.001925688 0.999980152 347.702331543
0.999289453 -0.037588134 -0.002776502 -47.836589813 0.037580337 0.999289691 -0.002808879 -0.184697881 0.002880111 0.002702542 0.999992192 349.144744873
0.999318779 -0.036901060 0.000540299 -47.841823578 0.036902905 0.999311090 -0.003933391 -0.177800938 -0.000394781 0.003950650 0.999992132 350.575988770
0.999311268 -0.036980283 0.003071697 -47.844367981 0.036990799 0.999309659 -0.003440193 -0.183385670 -0.002942358 0.003551449 0.999989390 352.040130615
0.999255180 -0.038061209 0.006358637 -47.842655182 0.038074452 0.999272943 -0.001974426 -0.177143753 -0.006278865 0.002215057 0.999977827 353.471862793
0.999212921 -0.038702440 0.008701382 -47.830593109 0.038715217 0.999249458 -0.001304792 -0.181031615 -0.008644353 0.001640641 0.999961317 354.952301025
0.999134600 -0.039925262 0.011665449 -47.809631348 0.039949812 0.999199927 -0.001878844 -0.169619650 -0.011581102 0.002343251 0.999930203 356.413726807
0.999084175 -0.040287532 0.014412995 -47.792079926 0.040319663 0.999184966 -0.001945511 -0.173885882 -0.014322868 0.002524857 0.999894261 357.856506348
0.998971105 -0.041692704 0.017846493 -47.771533966 0.041739583 0.999125957 -0.002262212 -0.167022541 -0.017736576 0.003004790 0.999838173 359.323303223
0.998909235 -0.042002279 0.020399909 -47.742145538 0.042061232 0.999112010 -0.002469134 -0.172346294 -0.020278085 0.003324486 0.999788880 360.796966553
0.998769462 -0.043489248 0.023839051 -47.712089539 0.043571830 0.999045908 -0.002955466 -0.165926218 -0.023687776 0.003990540 0.999711454 362.266632080
0.998651743 -0.044625252 0.026518950 -47.683528900 0.044716723 0.998995602 -0.002865965 -0.173835710 -0.026364420 0.004047941 0.999644220 363.748687744
0.998518825 -0.045662217 0.029581802 -47.640666962 0.045764990 0.998948276 -0.002806150 -0.170045942 -0.029422555 0.004155804 0.999558449 365.201873779
0.998421431 -0.045947056 0.032302987 -47.605216980 0.046083774 0.998931468 -0.003500260 -0.174625158 -0.032107644 0.004983378 0.999472022 366.709106445
0.998282731 -0.046782404 0.035256270 -47.556690216 0.046989050 0.998882592 -0.005055251 -0.173432142 -0.034980379 0.006703228 0.999365509 368.171295166
0.998217165 -0.046390288 0.037556127 -47.500034332 0.046641245 0.998894691 -0.005833369 -0.173762918 -0.037244003 0.007574634 0.999277472 369.656433105
0.998115718 -0.046144553 0.040444091 -47.441528320 0.046414483 0.998905659 -0.005760312 -0.173126996 -0.040134024 0.007626649 0.999165177 371.123992920
0.998010874 -0.046321869 0.042762302 -47.382141113 0.046586197 0.998900712 -0.005205113 -0.176701456 -0.042474184 0.007186892 0.999071717 372.621795654
0.997916758 -0.046140220 0.045091584 -47.312484741 0.046412624 0.998909771 -0.005012391 -0.176272511 -0.044811152 0.007094767 0.998970270 374.104461670
0.997815251 -0.045683723 0.047725782 -47.246173859 0.045986790 0.998928130 -0.005271062 -0.175607026 -0.047433827 0.007454302 0.998846591 375.582000732
0.997730374 -0.044565782 0.050477661 -47.180511475 0.044890869 0.998977721 -0.005324365 -0.185084879 -0.050188776 0.007578267 0.998710990 377.098236084
0.997614682 -0.044023678 0.053168308 -47.101856232 0.044347599 0.999004006 -0.004927421 -0.177228391 -0.052898429 0.007273553 0.998573422 378.607452393
0.997520447 -0.043374039 0.055422310 -47.027397156 0.043657713 0.999038875 -0.003917425 -0.190512836 -0.055199128 0.006327323 0.998455346 380.117187500
0.997350335 -0.043893121 0.058014598 -46.936103821 0.044213600 0.999013066 -0.004251494 -0.188055605 -0.057770729 0.006805263 0.998306692 381.609497070
