1.000000000 0.000000000 0.000000000 0.000000000 0.000000000 1.000000000 0.000000000 0.000000000 0.000000000 0.000000000 1.000000000 0.000000000
0.999998808 0.001500710 0.000288288 -0.002572942 -0.001501031 0.999998271 0.001113960 -0.000315022 -0.000286616 -0.001114392 0.999999344 0.078182504
0.999995291 0.003020576 -0.000503412 -0.006668272 -0.003019742 0.999994099 0.001648354 -0.000128037 0.000508388 -0.001646827 0.999998510 0.160549998
0.999996305 0.002461342 -0.001156201 -0.002208532 -0.002457822 0.999992371 0.003036294 0.000499152 0.001163666 -0.003033441 0.999994695 0.246515825
0.999997258 0.002129009 -0.000997091 -0.006350591 -0.002123710 0.999983788 0.005286424 -0.002962881 0.001008330 -0.005284292 0.999985516 0.328625768
0.999995589 0.001272931 -0.002692417 -0.004994675 -0.001255120 0.999977410 0.006606644 -0.002370661 0.002700766 -0.006603235 0.999974549 0.415327817
0.999987900 0.001587676 -0.004656000 -0.003741461 -0.001552669 0.999970555 0.007512727 -0.005404665 0.004667790 -0.007505407 0.999960959 0.495337099
0.999980628 0.002719828 -0.005598567 -0.010868057 -0.002669756 0.999956548 0.008931956 -0.004878122 0.005622617 -0.008916836 0.999944448 0.570149660
0.999954104 0.004775405 -0.008307151 -0.016306961 -0.004697922 0.999945521 0.009322013 -0.001612740 0.008351215 -0.009282558 0.999922037 0.638154030
0.999915004 0.005551393 -0.011795228 -0.020052871 -0.005443340 0.999943137 0.009173241 -0.001187609 0.011845482 -0.009108257 0.999888361 0.695609093
0.999870777 0.005269230 -0.015189444 -0.018448701 -0.005127237 0.999942958 0.009371977 -0.001265291 0.015237960 -0.009292886 0.999840736 0.755118728
0.999810278 0.005527367 -0.018677445 -0.023126094 -0.005323715 0.999926031 0.010935833 -0.010168842 0.018736510 -0.010834325 0.999765754 0.812701643
0.999739945 0.006449995 -0.021873251 -0.027673408 -0.006182357 0.999905467 0.012281477 -0.004883406 0.021950398 -0.012143055 0.999685287 0.860333443
0.999680161 0.006549960 -0.024427203 -0.031883813 -0.006219462 0.999888420 0.013581426 -0.005292011 0.024513436 -0.013425157 0.999609351 0.893485129
0.999614775 0.006025251 -0.027092671 -0.036903299 -0.005659384 0.999892056 0.013560771 -0.004404892 0.027171453 -0.013402219 0.999540925 0.932722986
0.999520421 0.004368191 -0.030656409 -0.039058730 -0.003976097 0.999909639 0.012839281 -0.008768296 0.030709723 -0.012711232 0.999447525 0.972313941
0.999417663 0.003222843 -0.033969942 -0.040319566 -0.002818709 0.999924779 0.011937995 -0.007926729 0.034005862 -0.011835293 0.999351561 1.019661307
0.999270797 0.003335811 -0.038035795 -0.046468209 -0.002876019 0.999922216 0.012136706 -0.006756868 0.038073324 -0.012018465 0.999202669 1.073924184
0.999053121 0.004405095 -0.043283436 -0.055940188 -0.003853743 0.999910474 0.012813353 -0.003337055 0.043336008 -0.012634417 0.998980641 1.136162639
0.998787880 0.005261612 -0.048939455 -0.065862916 -0.004580538 0.999891222 0.014018424 -0.002444307 0.049007893 -0.013777263 0.998703361 1.203822374
0.998483717 0.006868053 -0.054617617 -0.076899469 -0.006027576 0.999861121 0.015538264 -0.000172641 0.054716747 -0.015185492 0.998386443 1.283993483
0.998113930 0.008997725 -0.060726099 -0.091883041 -0.007986058 0.999825597 0.016881723 -0.000722305 0.060867406 -0.016364921 0.998011708 1.366616368
0.997738779 0.010809726 -0.066336401 -0.107952818 -0.009657085 0.999797225 0.017671837 0.002481275 0.066513978 -0.016991260 0.997640789 1.456866503
0.997306883 0.012178001 -0.072323389 -0.121089086 -0.010940377 0.999787271 0.017483938 0.003724648 0.072520927 -0.016645607 0.997227967 1.557264090
0.996833444 0.013625565 -0.078341842 -0.139229283 -0.012322606 0.999777973 0.017091185 0.005887583 0.078557327 -0.016071690 0.996780038 1.659787536
0.996331632 0.015127080 -0.084228620 -0.155839920 -0.013758932 0.999764204 0.016800165 0.004989045 0.084462896 -0.015579640 0.996304810 1.772960782
0.995895147 0.016113894 -0.089068800 -0.179505721 -0.014710544 0.999757469 0.016389893 0.007315649 0.089311302 -0.015012364 0.995890617 1.893603206
0.995471299 0.016370876 -0.093642399 -0.193895772 -0.014918814 0.999757707 0.016185600 0.006100052 0.093884677 -0.014715267 0.995474339 2.027385235
0.995111227 0.016147815 -0.097431481 -0.212752461 -0.014658185 0.999764800 0.015985521 0.004268560 0.097666696 -0.014479203 0.995113850 2.174800634
0.994640112 0.015748551 -0.102191254 -0.231365934 -0.014122887 0.999762237 0.016612161 0.003391066 0.102428578 -0.015079886 0.994626045 2.334842443
0.994176984 0.013759894 -0.106877357 -0.252698779 -0.011911148 0.999768555 0.017916981 0.000539986 0.107099153 -0.016539618 0.994110763 2.510259390
0.993683338 0.013600701 -0.111393422 -0.280332565 -0.011621740 0.999763250 0.018395638 0.001187356 0.111617245 -0.016984854 0.993606091 2.707951069
0.993159652 0.013093114 -0.116028048 -0.308434963 -0.011141843 0.999785662 0.017449906 0.000722670 0.116231658 -0.016037777 0.993092656 2.912974358
0.992578566 0.012725584 -0.120937183 -0.337214530 -0.010893981 0.999815941 0.015794227 0.001171437 0.121115908 -0.014359524 0.992534518 3.131912470
0.992014229 0.012523834 -0.125502855 -0.372073531 -0.010686100 0.999825776 0.015305532 -0.000189832 0.125672668 -0.013842169 0.991975188 3.363226414
0.991270304 0.010347550 -0.131438598 -0.400528342 -0.008577366 0.999864817 0.014026795 0.008027736 0.131565973 -0.012776949 0.991225064 3.607544899
0.990403056 0.007052165 -0.138029307 -0.436484754 -0.005433114 0.999912024 0.012103023 0.009268898 0.138102517 -0.011236941 0.990354180 3.857238293
0.989454865 0.005044671 -0.144753501 -0.473484039 -0.003785197 0.999952555 0.008974912 0.011286126 0.144791901 -0.008332349 0.989427030 4.120209694
0.988609970 0.005812339 -0.150387973 -0.522489250 -0.005257055 0.999977827 0.004089640 0.017550865 0.150408402 -0.003252462 0.988618612 4.388054848
0.987571180 0.008254752 -0.156955466 -0.579220951 -0.008065282 0.999965787 0.001844013 0.020251462 0.156965315 -0.000555204 0.987603962 4.665359974
0.986437857 0.007004193 -0.163985744 -0.630747676 -0.006552654 0.999973118 0.003294302 0.020959150 0.164004415 -0.002175083 0.986457229 4.974762440
0.985390782 0.003801516 -0.170266002 -0.680473447 -0.002792202 0.999977112 0.006166932 0.017955005 0.170285553 -0.005601421 0.985378861 5.286092281
0.984335542 0.000648030 -0.176304236 -0.730930924 0.000722502 0.999970019 0.007709370 0.016748397 0.176303938 -0.007715987 0.984305561 5.611599445
0.983394682 -0.000679902 -0.181478485 -0.790859103 0.002257880 0.999961436 0.008488668 0.014722159 0.181465715 -0.008757467 0.983358264 5.934144497
0.982671499 -0.002552623 -0.185338095 -0.849604487 0.004037923 0.999962687 0.007636983 0.012890447 0.185311690 -0.008253026 0.982645154 6.264068604
0.982313812 -0.004161110 -0.187195867 -0.915275574 0.005472630 0.999963939 0.006489885 0.010917197 0.187162116 -0.007399557 0.982301176 6.599609852
0.982115328 -0.003703411 -0.188243821 -0.975640893 0.004847426 0.999972463 0.005617301 0.008306693 0.188217849 -0.006429335 0.982106268 6.932163715
0.982237041 -0.002285628 -0.187630489 -1.039714336 0.003385802 0.999978900 0.005543240 0.007202836 0.187613860 -0.006080055 0.982224047 7.273996830
0.982868552 -0.001182522 -0.184303999 -1.099070549 0.002109169 0.999986112 0.004831857 0.005406269 0.184295729 -0.005137809 0.982857406 7.617593765
0.983884990 -0.001539817 -0.178795815 -1.154602885 0.001936731 0.999996006 0.002045407 0.008164010 0.178791955 -0.002358725 0.983884096 7.960573196
0.984985113 0.001998026 -0.172627687 -1.216938496 -0.001878066 0.999997854 0.000858233 0.007150708 0.172629043 -0.000521141 0.984986782 8.318891525
0.986093223 0.002560469 -0.166173428 -1.281436563 -0.002639422 0.999996483 -0.000254291 0.007575999 0.166172192 0.000689357 0.986096501 8.677896500
0.987120092 0.002241578 -0.159965321 -1.340755343 -0.002322501 0.999997258 -0.000318915 -0.001313954 0.159964159 0.000686327 0.987122595 9.051872253
0.988122284 -0.002965695 -0.153640866 -1.371908307 0.003016339 0.999995470 0.000096532 -0.005860066 0.153639883 -0.000558818 0.988126755 9.411616325
0.989089608 -0.006737127 -0.147160858 -1.423022866 0.006798329 0.999976873 -0.000087074 -0.006493668 0.147158042 -0.000914324 0.989112556 9.794868469
0.990124941 -0.007329326 -0.139995843 -1.467818737 0.007336364 0.999972999 -0.000465803 -0.006819476 0.139995471 -0.000565857 0.990152001 10.161006927
0.991062641 -0.004792451 -0.133311272 -1.514954925 0.004741227 0.999988496 -0.000701686 -0.012426859 0.133313105 0.000063356 0.991073966 10.524916649
0.991808712 -0.001159100 -0.127726853 -1.557499528 0.001061382 0.999999106 -0.000833111 -0.017928148 0.127727702 0.000690720 0.991809011 10.892610550
0.992568016 0.000162978 -0.121690817 -1.601552963 -0.000212709 0.999999881 -0.000395674 -0.029920034 0.121690735 0.000418618 0.992567956 11.261592865
0.993237317 -0.000277001 -0.116101570 -1.647335291 0.000303542 0.999999940 0.000210919 -0.032992654 0.116101503 -0.000244734 0.993237317 11.635148048
0.993721604 -0.002503716 -0.111852854 -1.672352433 0.002581656 0.999996543 0.000551980 -0.034638613 0.111851081 -0.000837280 0.993724644 11.982714653
0.994118214 -0.005514002 -0.108160198 -1.710706353 0.005657422 0.999983490 0.001019180 -0.047714796 0.108152792 -0.001625093 0.994132936 12.366477013
0.994454324 -0.009579983 -0.104732133 -1.742812037 0.009721333 0.999952376 0.000839238 -0.052498195 0.104719110 -0.001852720 0.994500101 12.735563278
0.994742155 -0.011525461 -0.101760820 -1.772298336 0.011751117 0.999929667 0.001618325 -0.057382941 0.101735011 -0.002805620 0.994807601 13.102977753
0.994966269 -0.011222643 -0.099579774 -1.800524592 0.011426974 0.999933600 0.001481786 -0.065258682 0.099556535 -0.002612223 0.995028496 13.465192795
0.995337188 -0.009971061 -0.095939666 -1.834827185 0.010077050 0.999949038 0.000620282 -0.064265892 0.095928594 -0.001584178 0.995386958 13.819480896
0.995742142 -0.006073597 -0.091982320 -1.871988058 0.006021431 0.999981523 -0.000844651 -0.070576131 0.091985747 0.000287190 0.995760262 14.150308609
0.996110082 -0.005181961 -0.087965012 -1.899372816 0.005065064 0.999985993 -0.001552057 -0.080451094 0.087971814 0.001100471 0.996122360 14.463830948
0.996543407 -0.006019099 -0.082855470 -1.914498091 0.005825053 0.999979675 -0.002583523 -0.082471281 0.082869336 0.002091955 0.996558249 14.759855270
0.996949077 -0.008934313 -0.077541411 -1.925872207 0.008671559 0.999955475 -0.003724624 -0.090123862 0.077571236 0.003040856 0.996982157 15.046370506
0.997275829 -0.010441196 -0.073019929 -1.936781406 0.010143123 0.999938667 -0.004451724 -0.094659813 0.073061928 0.003698947 0.997320533 15.316413879
0.997523844 -0.013265954 -0.069066882 -1.950028658 0.012855851 0.999897003 -0.006378900 -0.096010774 0.069144398 0.005475191 0.997591615 15.553626060
0.997827530 -0.013581303 -0.064465322 -1.960240960 0.013108731 0.999884069 -0.007747964 -0.100725688 0.064563073 0.006886072 0.997889876 15.776922226
0.998101175 -0.011770732 -0.060461175 -1.972121358 0.011270244 0.999899387 -0.008612207 -0.104167759 0.060556464 0.007914442 0.998133421 15.986709595
0.998274326 -0.010204678 -0.057829659 -1.982182622 0.009703188 0.999912918 -0.008946041 -0.113242492 0.057915911 0.008369470 0.998286366 16.171392441
0.998447001 -0.011097861 -0.054593444 -1.988381624 0.010609286 0.999901116 -0.009231040 -0.117919281 0.054690488 0.008637507 0.998466015 16.338293076
0.998580158 -0.011239316 -0.052070346 -1.987617612 0.010762169 0.999897599 -0.009434864 -0.121317193 0.052171055 0.008861078 0.998598874 16.482007980
0.998711824 -0.010339827 -0.049676407 -1.996938229 0.009907376 0.999910951 -0.008943729 -0.126601085 0.049764458 0.008440046 0.998725295 16.601972580
0.998807967 -0.008277974 -0.048105676 -2.003367901 0.007834336 0.999925077 -0.009403395 -0.128683016 0.048179913 0.009015310 0.998798013 16.704669952
0.998861670 -0.007404184 -0.047122478 -2.004359245 0.006884654 0.999913812 -0.011177866 -0.134698704 0.047201179 0.010840720 0.998826563 16.786323547
0.998929262 -0.008238470 -0.045524430 -2.009024143 0.007592823 0.999868393 -0.014337193 -0.134390220 0.045636553 0.013976183 0.998860359 16.872009277
0.998952091 -0.009297580 -0.044813670 -2.009837866 0.008564333 0.999826729 -0.016526431 -0.136845097 0.044959564 0.016125314 0.998858631 16.954071045
0.998950124 -0.010298838 -0.044638265 -2.010277987 0.009522041 0.999800146 -0.017579868 -0.139806688 0.044810392 0.017136363 0.998848498 17.040775299
0.998941004 -0.010379976 -0.044823751 -2.015689611 0.009597876 0.999798536 -0.017628450 -0.140455663 0.044997707 0.017179567 0.998839378 17.130863190
0.998874545 -0.010302263 -0.046297535 -2.020690203 0.009494784 0.999799550 -0.017627273 -0.147155032 0.046469856 0.017167849 0.998772144 17.219137192
0.998788893 -0.009520946 -0.048270624 -2.034336567 0.008673789 0.999805212 -0.017729366 -0.147854492 0.048430022 0.017289206 0.998676956 17.315330505
0.998605430 -0.009646152 -0.051904872 -2.043917894 0.008740930 0.999806225 -0.017638857 -0.151066914 0.052064963 0.017160561 0.998496234 17.415590286
0.998353422 -0.009520845 -0.056566626 -2.054834366 0.008525823 0.999805093 -0.017805627 -0.152100667 0.056725126 0.017294031 0.998240054 17.515295029
0.998061061 -0.010044888 -0.061426111 -2.065882444 0.008952307 0.999797225 -0.018036339 -0.154159054 0.061594829 0.017451463 0.997948647 17.612623215
0.997696459 -0.010330925 -0.067045316 -2.073570251 0.009124594 0.999791384 -0.018274138 -0.158143386 0.067220122 0.017620280 0.997582555 17.723161697
0.997321367 -0.009813375 -0.072483093 -2.085980177 0.008493376 0.999792814 -0.018496964 -0.159221202 0.072649598 0.017831791 0.997198105 17.829082489
0.996889293 -0.009074694 -0.078290351 -2.101633310 0.007628500 0.999795079 -0.018751534 -0.163212925 0.078444473 0.018095965 0.996754229 17.940200806
0.996385932 -0.009282874 -0.084432535 -2.118768454 0.007643647 0.999776363 -0.019717233 -0.165407002 0.084596686 0.019000601 0.996234119 18.057304382
0.995799303 -0.009230413 -0.091096602 -2.139244795 0.007369643 0.999757707 -0.020741625 -0.166397348 0.091265984 0.019983144 0.995626032 18.183153152
0.995101690 -0.009712588 -0.098378316 -2.155077219 0.007643840 0.999742150 -0.021383628 -0.166995451 0.098560639 0.020526895 0.994919300 18.322473526
0.994350076 -0.009495896 -0.105724744 -2.178659201 0.007278109 0.999745727 -0.021343090 -0.173906595 0.105900533 0.020453028 0.994166374 18.467529297
0.993450046 -0.008541225 -0.113947488 -2.206216097 0.006108980 0.999746323 -0.021677472 -0.178092256 0.114103734 0.020839382 0.993250251 18.622446060
0.992484212 -0.008279083 -0.122092478 -2.239513874 0.005648192 0.999744654 -0.021878731 -0.184314966 0.122242443 0.021024693 0.992277563 18.787014008
0.991383195 -0.008992491 -0.130684510 -2.267307043 0.006172175 0.999739587 -0.021970157 -0.187996686 0.130848050 0.020974237 0.991180539 18.967161179
0.990272522 -0.008652546 -0.138872221 -2.304771900 0.005791627 0.999762893 -0.020992002 -0.195124730 0.139020935 0.019983506 0.990087807 19.155426025
0.989060342 -0.008352432 -0.147274867 -2.339964628 0.005457362 0.999784052 -0.020050731 -0.199375331 0.147410542 0.019027650 0.988892376 19.357879639
0.987966180 -0.007441663 -0.154491112 -2.382499933 0.004585492 0.999812067 -0.018835733 -0.206013262 0.154602244 0.017900649 0.987814605 19.572307587
0.986879945 -0.008178666 -0.161248669 -2.426144123 0.005335140 0.999822676 -0.018059526 -0.212187693 0.161367774 0.016962299 0.986748576 19.793470383
0.985848129 -0.008141340 -0.167443186 -2.477135897 0.005224726 0.999826968 -0.017851699 -0.218810916 0.167559549 0.016724218 0.985720098 20.027763367
0.984775364 -0.007188901 -0.173683003 -2.522790194 0.004202896 0.999837101 -0.017553944 -0.225325048 0.173780903 0.016556719 0.984645128 20.282489777
0.983900130 -0.006111381 -0.178614616 -2.569522858 0.002999186 0.999839067 -0.017688911 -0.231636882 0.178693965 0.016868424 0.983760118 20.536201477
0.983373523 -0.006246722 -0.181486994 -2.627168894 0.003015539 0.999832094 -0.018074423 -0.235064059 0.181569427 0.017226629 0.983227253 20.817140579
0.983195305 -0.005160890 -0.182483882 -2.680845737 0.001939131 0.999839187 -0.017829059 -0.246517479 0.182546556 0.017175587 0.983047187 21.101743698
0.983347595 -0.004094736 -0.181688696 -2.735307693 0.000881277 0.999841809 -0.017763829 -0.255885690 0.181732699 0.017307900 0.983195662 21.402946472
0.983720005 -0.004249630 -0.179657802 -2.795639753 0.000917761 0.999826133 -0.018624688 -0.265900314 0.179705709 0.018156594 0.983552814 21.715250015
0.983919382 -0.005904004 -0.178515643 -2.846341848 0.002367651 0.999796867 -0.020016320 -0.272949487 0.178597555 0.019271782 0.983733475 22.047582626
0.984122872 -0.006996595 -0.177350476 -2.906695366 0.003392268 0.999781668 -0.020618264 -0.279895276 0.177456021 0.019689286 0.983931780 22.392024994
0.984329462 -0.006712185 -0.176211476 -2.970645905 0.003333857 0.999805033 -0.019461064 -0.288252175 0.176307753 0.018568633 0.984159946 22.753549576
0.984503984 -0.005334163 -0.175281063 -3.035566330 0.002476138 0.999860466 -0.016520044 -0.297320843 0.175344735 0.015830029 0.984379828 23.131809235
0.984706998 -0.004683674 -0.174155682 -3.102750063 0.002413615 0.999909401 -0.013244164 -0.303610414 0.174201921 0.012621276 0.984629035 23.513637543
0.984865963 -0.004251264 -0.173265561 -3.170281172 0.002712125 0.999954760 -0.009118906 -0.310806930 0.173296481 0.008510982 0.984832942 23.904838562
0.985088646 -0.003674305 -0.172008216 -3.235158920 0.002766878 0.999980986 -0.005514940 -0.319130898 0.172025204 0.004956779 0.985080063 24.316360474
0.985271096 -0.004021579 -0.170952320 -3.298927307 0.003692123 0.999990642 -0.002245066 -0.332004368 0.170959756 0.001580822 0.985276759 24.716585159
0.985420048 -0.004223625 -0.170086578 -3.365348339 0.004142438 0.999991059 -0.000832196 -0.341967553 0.170088574 0.000115489 0.985428751 25.119949341
0.985643685 -0.004096210 -0.168789163 -3.433162212 0.003932666 0.999991417 -0.001303208 -0.347085446 0.168793052 0.000620707 0.985651314 25.519962311
0.985822976 -0.002837139 -0.167764723 -3.502474785 0.002486634 0.999994278 -0.002299306 -0.354442269 0.167770281 0.001849540 0.985824406 25.923881531
0.985979140 -0.003764347 -0.166826144 -3.564736843 0.003235800 0.999988854 -0.003439951 -0.357251585 0.166837230 0.002851904 0.985980332 26.328922272
0.986186743 -0.005006457 -0.165561646 -3.627322435 0.004331202 0.999980748 -0.004439353 -0.363181502 0.165580690 0.003660950 0.986189425 26.740350723
0.986457288 -0.004988885 -0.163942426 -3.694254637 0.004210852 0.999978185 -0.005092950 -0.370307744 0.163964257 0.004333641 0.986456752 27.148384094
0.986704528 -0.005246100 -0.162439764 -3.760293722 0.004478315 0.999976993 -0.005092388 -0.378080815 0.162462741 0.004297227 0.986705303 27.566226959
0.987134993 -0.005165130 -0.159805626 -3.820243597 0.004433463 0.999978006 -0.004934683 -0.384461671 0.159827590 0.004162706 0.987136185 27.981618881
0.987667620 -0.005587213 -0.156465471 -3.882787466 0.005036978 0.999979675 -0.003912935 -0.386761159 0.156484142 0.003076567 0.987675667 28.401590347
0.988134027 -0.006059176 -0.153474733 -3.940890312 0.005600412 0.999978483 -0.003421335 -0.394618362 0.153492153 0.002521216 0.988146663 28.819877625
0.988625526 -0.006415867 -0.150261164 -3.998477697 0.005963500 0.999976218 -0.003460949 -0.400433540 0.150279790 0.002525500 0.988640308 29.236658096
0.989135146 -0.005774288 -0.146895751 -4.054683685 0.005213513 0.999977589 -0.004202234 -0.405883968 0.146916717 0.003390734 0.989143074 29.649534225
0.989573956 -0.005281761 -0.143928885 -4.109357357 0.004632461 0.999977529 -0.004846000 -0.413800448 0.143951237 0.004128730 0.989576161 30.066175461
0.990007341 -0.005357257 -0.140914127 -4.160409451 0.004668419 0.999975502 -0.005218472 -0.425261140 0.140938625 0.004508480 0.990008056 30.477325439
0.990490794 -0.005121455 -0.137483761 -4.219909191 0.004375970 0.999974072 -0.005724052 -0.426688403 0.137509510 0.005067996 0.990487456 30.899032593
0.991010189 -0.005763006 -0.133662015 -4.266538143 0.005012105 0.999969721 -0.005953706 -0.433111727 0.133692279 0.005230255 0.991009116 31.301929474
0.991570830 -0.005752587 -0.129437998 -4.324354649 0.004756011 0.999956608 -0.008007051 -0.443457305 0.129478455 0.007323950 0.991555214 31.713253021
0.992111981 -0.005453133 -0.125236139 -4.368843555 0.004294327 0.999945462 -0.009521076 -0.452025920 0.125281230 0.008908168 0.992081285 32.110912323
0.992618322 -0.005718532 -0.121145457 -4.406946182 0.004528868 0.999938786 -0.010093193 -0.459587097 0.121195763 0.009470036 0.992583454 32.510135651
0.993134618 -0.005488093 -0.116848029 -4.450183868 0.004301503 0.999936640 -0.010404744 -0.471765250 0.116897725 0.009830690 0.993095279 32.904865265
0.993582904 -0.005647216 -0.112965286 -4.485956669 0.004383921 0.999925077 -0.011428321 -0.478570104 0.113021366 0.010859753 0.993533194 33.297622681
0.994012654 -0.003546615 -0.109207712 -4.526215553 0.002243561 0.999924839 -0.012052445 -0.489258260 0.109242246 0.011735268 0.993945897 33.689285278
0.994335413 -0.003084036 -0.106242903 -4.567773819 0.001798344 0.999924004 -0.012195121 -0.498041689 0.106272444 0.011934980 0.994265437 34.083789825
0.994576454 -0.004797641 -0.103897162 -4.602216721 0.003667021 0.999931991 -0.011070383 -0.506256044 0.103943206 0.010629348 0.994526446 34.475994110
0.994858921 -0.005606628 -0.101115271 -4.643718719 0.004571665 0.999934793 -0.010464312 -0.514757276 0.101167351 0.009948248 0.994819701 34.875534058
0.995060563 -0.006209994 -0.099075474 -4.676950455 0.005164647 0.999928296 -0.010804016 -0.521517336 0.099135458 0.010238960 0.995021284 35.262310028
0.995198905 -0.006443724 -0.097660817 -4.708408833 0.005373140 0.999922574 -0.011221312 -0.530517220 0.097725563 0.010642692 0.995156467 35.663726807
0.995399296 -0.003435078 -0.095752187 -4.748924732 0.002378488 0.999935031 -0.011146574 -0.542881310 0.095784262 0.010867546 0.995342791 36.059993744
0.995625675 0.000211778 -0.093431503 -4.795388222 -0.001312324 0.999930501 -0.011717897 -0.557753205 0.093422525 0.011789252 0.995556772 36.463619232
0.995820463 0.004007694 -0.091244452 -4.840847015 -0.005288622 0.999890804 -0.013800969 -0.564113379 0.091179177 0.014225845 0.995732903 36.866176605
0.995978832 0.003095332 -0.089535423 -4.871432304 -0.004523502 0.999865711 -0.015752375 -0.571222782 0.089474641 0.016094046 0.995859087 37.263874054
0.996061206 0.003914595 -0.088581853 -4.905531406 -0.005538333 0.999821007 -0.018092018 -0.583488524 0.088495173 0.018511351 0.995904565 37.662239075
0.996117294 0.000796533 -0.088032573 -4.932648182 -0.002433638 0.999826074 -0.018490816 -0.590669811 0.088002540 0.018633259 0.995945930 38.065998077
0.996118784 -0.000152964 -0.088018768 -4.961907387 -0.001167901 0.999887466 -0.014954942 -0.600833118 0.088011146 0.014999697 0.996006548 38.481185913
0.996238053 -0.001477520 -0.086646520 -5.001633167 0.000678420 0.999956965 -0.009251243 -0.606554329 0.086656459 0.009157658 0.996196151 38.891239166
0.996281564 -0.000644817 -0.086154461 -5.034230709 0.000415134 0.999996305 -0.002683833 -0.613421142 0.086155877 0.002638087 0.996278167 39.306808472
0.996324122 0.000834699 -0.085659221 -5.071916580 -0.000696994 0.999998391 0.001637491 -0.626549602 0.085660458 -0.001571767 0.996323168 39.710475922
0.996340930 0.003124801 -0.085410908 -5.104627132 -0.002826129 0.999989450 0.003617567 -0.634792984 0.085421316 -0.003362948 0.996339262 40.127113342
0.996432304 0.004252873 -0.084288396 -5.146285057 -0.003699069 0.999970555 0.006725429 -0.651001811 0.084314510 -0.006389646 0.996418715 40.514270782
0.996473968 0.002134471 -0.083875693 -5.170455933 -0.001462769 0.999966383 0.008068934 -0.654423535 0.083890095 -0.007917792 0.996443570 40.916267395
0.996593356 -0.001214456 -0.082463101 -5.195241451 0.001863562 0.999967873 0.007794963 -0.657911956 0.082450986 -0.007922084 0.996563613 41.320663452
0.996674120 -0.004621234 -0.081359021 -5.219318390 0.005074817 0.999972701 0.005369175 -0.655251145 0.081331991 -0.005764200 0.996670425 41.711585999
0.996774435 -0.007143884 -0.079935864 -5.250515461 0.007397888 0.999968469 0.002881904 -0.656321108 0.079912752 -0.003463965 0.996795833 42.090663910
0.996965885 -0.008531028 -0.077371173 -5.267930508 0.008757492 0.999958277 0.002588141 -0.660463631 0.077345870 -0.003257866 0.996999025 42.495777130
0.997184992 -0.006613420 -0.074688643 -5.295262814 0.006973661 0.999965250 0.004563470 -0.671239972 0.074655868 -0.005071477 0.997196436 42.886192322
0.997402549 -0.005184856 -0.071842298 -5.321607113 0.005514576 0.999975145 0.004391907 -0.674009442 0.071817741 -0.004776679 0.997406363 43.273509979
0.997586906 -0.005326070 -0.069224581 -5.338234901 0.005531034 0.999980867 0.002769525 -0.678232789 0.069208510 -0.003145725 0.997597277 43.659805298
0.997803628 -0.007835638 -0.065776646 -5.372792244 0.007940556 0.999967575 0.001333780 -0.681119084 0.065764062 -0.001853154 0.997833490 44.063083649
0.997987807 -0.008748922 -0.062799953 -5.387423515 0.008862169 0.999959588 0.001524993 -0.692309558 0.062784068 -0.002078469 0.998024940 44.449348450
0.998195231 -0.008356448 -0.059468079 -5.412011147 0.008432000 0.999963939 0.001019617 -0.692982852 0.059457414 -0.001519211 0.998229682 44.829906464
0.998380363 -0.008120986 -0.056309298 -5.436018467 0.008167014 0.999966502 0.000587353 -0.699047923 0.056302637 -0.001046281 0.998413205 45.207588196
0.998534381 -0.008798506 -0.053401116 -5.447009087 0.008790372 0.999961317 -0.000387214 -0.705355406 0.053402457 -0.000082769 0.998573065 45.592292786
0.998707652 -0.009226842 -0.049978979 -5.466453075 0.009153261 0.999956667 -0.001700911 -0.707639158 0.049992509 0.001241242 0.998748839 45.969665527
0.998850405 -0.009183777 -0.047048431 -5.481573582 0.009061897 0.999954998 -0.002803173 -0.714516521 0.047072060 0.002373603 0.998888671 46.343490601
0.998956919 -0.008411028 -0.044880841 -5.497314930 0.008257218 0.999959409 -0.003611369 -0.726503670 0.044909395 0.003237011 0.998985827 46.716247559
0.999014139 -0.007935073 -0.043677840 -5.514066219 0.007714812 0.999956667 -0.005209100 -0.731020093 0.043717284 0.004866999 0.999032080 47.083614349
0.999026716 -0.007700283 -0.043432146 -5.525897980 0.007419949 0.999950588 -0.006612051 -0.738755822 0.043480918 0.006283351 0.999034524 47.445167542
0.999048769 -0.008003245 -0.042865455 -5.541808128 0.007653715 0.999936163 -0.008312047 -0.743674636 0.042929243 0.007976061 0.999046266 47.805187225
0.999053359 -0.009278920 -0.042500637 -5.553833008 0.008900294 0.999919057 -0.009089301 -0.752572060 0.042581540 0.008702428 0.999055088 48.162349701
0.999057949 -0.011033609 -0.041969627 -5.564322948 0.010670294 0.999903738 -0.008870783 -0.757801712 0.042063463 0.008414598 0.999079525 48.518604279
0.999086440 -0.011174537 -0.041248258 -5.579814434 0.010851871 0.999908805 -0.008038176 -0.764605105 0.041334320 0.007583213 0.999116600 48.873195648
0.999097109 -0.011035809 -0.041027002 -5.593240738 0.010733051 0.999913573 -0.007592429 -0.774028838 0.041107245 0.007145229 0.999129176 49.220485687
0.999097466 -0.009362295 -0.041432146 -5.608510494 0.009073983 0.999933302 -0.007141267 -0.782540023 0.041496243 0.006758868 0.999115825 49.560447693
0.999057353 -0.009025042 -0.042460606 -5.623828411 0.008727984 0.999936163 -0.007176286 -0.793300688 0.042522661 0.006798925 0.999072373 49.898273468
0.999047518 -0.008177607 -0.042862013 -5.639869213 0.007869444 0.999942005 -0.007353481 -0.800918579 0.042919658 0.007009177 0.999053955 50.221828461
0.998994470 -0.008860916 -0.043948792 -5.649744511 0.008532820 0.999934375 -0.007647389 -0.811308682 0.044013668 0.007264692 0.999004543 50.542011261
0.998955369 -0.008793380 -0.044842809 -5.661718845 0.008413974 0.999927282 -0.008642542 -0.818783283 0.044915546 0.008256207 0.998956680 50.857715607
0.998894274 -0.009884765 -0.045961864 -5.679469585 0.009418395 0.999902070 -0.010352398 -0.825695515 0.046059694 0.009908064 0.998889565 51.178936005
0.998790085 -0.010400238 -0.048064645 -5.690945625 0.009817038 0.999875486 -0.012353837 -0.831384897 0.048187144 0.011867038 0.998767853 51.485996246
0.998662829 -0.011520172 -0.050397083 -5.706499577 0.010849399 0.999849141 -0.013563136 -0.839808464 0.050545730 0.012998221 0.998637140 51.789920807
0.998565793 -0.011450575 -0.052299224 -5.725342274 0.010755293 0.999850273 -0.013556457 -0.847448111 0.052446622 0.012974521 0.998539448 52.092456818
0.998479545 -0.010637576 -0.054087382 -5.745297432 0.009920388 0.999859512 -0.013511053 -0.853494883 0.054223508 0.012953943 0.998444796 52.399566650
0.998398721 -0.009507260 -0.055764019 -5.765891552 0.008756245 0.999867857 -0.013696643 -0.859514475 0.055886868 0.013186427 0.998350024 52.693431854
0.998307586 -0.008695212 -0.057500441 -5.778941154 0.007916754 0.999874115 -0.013752263 -0.866815090 0.057612780 0.013273773 0.998250782 52.983715057
0.998242676 -0.008370467 -0.058663927 -5.799001694 0.007586764 0.999879122 -0.013569201 -0.874885678 0.058770418 0.013100287 0.998185575 53.271389008
0.998183489 -0.007559992 -0.059771042 -5.819154739 0.006819189 0.999897540 -0.012588297 -0.884551346 0.059860080 0.012157841 0.998132765 53.551692963
0.998118877 -0.007459372 -0.060852773 -5.839849949 0.006817407 0.999918997 -0.010750296 -0.891197622 0.060928036 0.010315214 0.998088837 53.826473236
0.998004138 -0.008609242 -0.062559150 -5.855909348 0.008084400 0.999930024 -0.008637819 -0.900833786 0.062629133 0.008114826 0.998003900 54.110744476
0.997854948 -0.009855247 -0.064717382 -5.876728535 0.009416805 0.999930620 -0.007076287 -0.907000542 0.064782634 0.006451678 0.997878551 54.380836487
0.997613072 -0.010938009 -0.068179958 -5.891966820 0.010556051 0.999926507 -0.005959976 -0.914568126 0.068240136 0.005226038 0.997655213 54.653224945
0.997359872 -0.010920908 -0.071791746 -5.915409565 0.010563401 0.999929845 -0.005357597 -0.918044567 0.071845219 0.004585088 0.997405231 54.919364929
0.997041881 -0.010327895 -0.076162867 -5.938136578 0.010017243 0.999939859 -0.004459700 -0.922601581 0.076204352 0.003683566 0.997085392 55.187335968
0.996720195 -0.009179850 -0.080402993 -5.961881161 0.008965308 0.999955237 -0.003028939 -0.930950761 0.080427200 0.002298167 0.996757865 55.450523376
0.996371388 -0.008323519 -0.084704079 -5.991336823 0.008231049 0.999965072 -0.001440849 -0.938324988 0.084713109 0.000738417 0.996405125 55.717750549
0.996010661 -0.007664253 -0.088904731 -6.021998405 0.007674677 0.999970496 -0.000224592 -0.942828774 0.088903829 -0.000458619 0.996040106 55.986648560
0.995602548 -0.008386066 -0.093302153 -6.041189671 0.008464011 0.999964058 0.000439711 -0.950632870 0.093295112 -0.001227488 0.995637715 56.241233826
0.995240688 -0.008616671 -0.097065486 -6.071635723 0.008671567 0.999962389 0.000143713 -0.952806175 0.097060598 -0.000984739 0.995278001 56.501007080
0.994829893 -0.008591375 -0.101191513 -6.100370884 0.008583873 0.999963045 -0.000509578 -0.955879450 0.101192154 -0.000361672 0.994866848 56.761417389
0.994463325 -0.008053357 -0.104775310 -6.129662991 0.007997245 0.999967575 -0.000955660 -0.961069763 0.104779609 0.000112456 0.994495451 57.011665344
0.994112551 -0.007763682 -0.108073734 -6.158785343 0.007689056 0.999969840 -0.001107214 -0.964063346 0.108079068 0.000269711 0.994142294 57.266284943
0.993801177 -0.008098629 -0.110876881 -6.189484119 0.008073309 0.999967158 -0.000677322 -0.968795300 0.110878728 -0.000222020 0.993833899 57.530036926
0.993609905 -0.008630918 -0.112538144 -6.221841812 0.008669940 0.999962389 -0.000142669 -0.973563612 0.112535141 -0.000833942 0.993647397 57.782379150
0.993511140 -0.008462609 -0.113419406 -6.250589848 0.008541347 0.999963522 0.000208286 -0.978628457 0.113413505 -0.001175689 0.993547201 58.033004761
0.993461668 -0.008427056 -0.113854580 -6.279151440 0.008504742 0.999963820 0.000196600 -0.977374077 0.113848798 -0.001163618 0.993497431 58.306900024
0.993484497 -0.009232922 -0.113592565 -6.310703278 0.009314129 0.999956608 0.000184170 -0.980349660 0.113585934 -0.001240986 0.993527412 58.564369202
0.993433416 -0.010453449 -0.113932997 -6.341323376 0.010560253 0.999944210 0.000333907 -0.980727434 0.113923147 -0.001534876 0.993488371 58.821445465
0.993237853 -0.012074439 -0.115467526 -6.365110397 0.012272845 0.999924183 0.001007479 -0.983153582 0.115446605 -0.002417782 0.993310750 59.077320099
0.993024588 -0.012282440 -0.117265955 -6.395452499 0.012557960 0.999919832 0.001610927 -0.988026679 0.117236771 -0.003072311 0.993099213 59.327117920
0.992705584 -0.011779800 -0.119986899 -6.424368382 0.012086445 0.999925256 0.001828215 -0.992363036 0.119956397 -0.003265094 0.992773771 59.582164764
0.992363334 -0.011435122 -0.122818179 -6.455691338 0.011705946 0.999930382 0.001483703 -0.994746923 0.122792661 -0.002910075 0.992428064 59.833419800
0.992091119 -0.010694649 -0.125063539 -6.491026402 0.010969564 0.999938667 0.001509745 -1.001235962 0.125039726 -0.002869697 0.992147565 60.081325531
0.991791248 -0.010273792 -0.127454236 -6.525717735 0.010555167 0.999943137 0.001532427 -1.005516410 0.127431244 -0.002865148 0.991843283 60.329498291
0.991468787 -0.009888435 -0.129968509 -6.562701225 0.010128167 0.999948025 0.001183680 -1.008034348 0.129950047 -0.002489924 0.991517425 60.580131531
0.991190076 -0.009488140 -0.132106766 -6.601337433 0.009765868 0.999951243 0.001454534 -1.008427858 0.132086515 -0.002731856 0.991234422 60.830310822
0.990914822 -0.009785495 -0.134134278 -6.632707119 0.010067900 0.999948323 0.001427248 -1.013014317 0.134113371 -0.002764732 0.990962148 61.077632904
0.990670145 -0.011328659 -0.135810047 -6.664650440 0.011510686 0.999933600 0.000555080 -1.014388800 0.135794744 -0.002113168 0.990734756 61.328182220
0.990541279 -0.011649052 -0.136719897 -6.701936245 0.011740616 0.999931097 -0.000136665 -1.020774126 0.136712059 -0.001469804 0.990609765 61.575393677
0.990415692 -0.012262490 -0.137573302 -6.733800411 0.012288459 0.999924302 -0.000660588 -1.024733424 0.137570992 -0.001036307 0.990491390 61.821372986
0.990313590 -0.011904144 -0.138337538 -6.768071651 0.011887208 0.999928892 -0.000948648 -1.027178288 0.138338998 -0.000704987 0.990384698 62.069885254
0.990337551 -0.011613120 -0.138190702 -6.801832199 0.011615979 0.999932230 -0.000785822 -1.030192137 0.138190463 -0.000826991 0.990405321 62.319210052
0.990460455 -0.011565997 -0.137311012 -6.833820820 0.011633321 0.999932289 -0.000312211 -1.032471418 0.137305319 -0.001288150 0.990527928 62.568553925
0.990633488 -0.012016293 -0.136017978 -6.863876343 0.012163089 0.999925971 0.000248199 -1.038081408 0.136004925 -0.001900272 0.990706325 62.822410583
0.990865469 -0.011614871 -0.134353027 -6.894402027 0.011834911 0.999929607 0.000839214 -1.041040421 0.134333834 -0.002421604 0.990933180 63.069244385
0.991150498 -0.010888639 -0.132295683 -6.925223827 0.011072144 0.999938488 0.000651504 -1.044026256 0.132280454 -0.002110535 0.991210103 63.319934845
0.991500735 -0.010389438 -0.129685625 -6.954086781 0.010390428 0.999945819 -0.000668986 -1.048420072 0.129685551 -0.000684189 0.991554916 63.567935944
0.991985083 -0.010925173 -0.125881881 -6.989834785 0.010705892 0.999939740 -0.002418372 -1.048774719 0.125900716 0.001051311 0.992042303 63.822257996
0.992512584 -0.010939945 -0.121651649 -7.013464451 0.010646828 0.999938667 -0.003059248 -1.055658698 0.121677652 0.001741138 0.992568135 64.069656372
0.992998719 -0.010763765 -0.117633522 -7.038785458 0.010337953 0.999937594 -0.004229413 -1.059339285 0.117671706 0.002983712 0.993048072 64.326499939
0.993492782 -0.010671163 -0.113394015 -7.065496922 0.010096209 0.999933124 -0.005643488 -1.065481305 0.113446653 0.004461915 0.993534088 64.573661804
0.993894756 -0.010116651 -0.109867565 -7.087059498 0.009418165 0.999931991 -0.006874624 -1.069788337 0.109929644 0.005797902 0.993922472 64.825042725
0.994241059 -0.010614251 -0.106639639 -7.108045578 0.009816321 0.999919772 -0.008004629 -1.076903105 0.106716052 0.006911722 0.994265497 65.071281433
0.994530439 -0.011392166 -0.103824034 -7.133751869 0.010434853 0.999897957 -0.009759048 -1.078560352 0.103924617 0.008622282 0.994547784 65.321380615
0.994697332 -0.012930070 -0.102029830 -7.156063080 0.011831687 0.999865413 -0.011363184 -1.083576798 0.102163024 0.010095743 0.994716465 65.566490173
0.994737029 -0.012948596 -0.101639234 -7.177880287 0.011703124 0.999849081 -0.012840620 -1.089119315 0.101790160 0.011583544 0.994738460 65.821640015
0.994690537 -0.011957115 -0.102214262 -7.201389313 0.010598438 0.999848247 -0.013825220 -1.091502428 0.102364063 0.012668504 0.994666338 66.081665039
0.994614244 -0.011321653 -0.103025958 -7.230684280 0.009844133 0.999841452 -0.014838425 -1.096864939 0.103177615 0.013744308 0.994567990 66.333015442
0.994429886 -0.011086139 -0.104815513 -7.259881973 0.009521253 0.999835789 -0.015418509 -1.102143288 0.104969233 0.014334651 0.994372129 66.592849731
0.994173527 -0.010981805 -0.107230589 -7.286984444 0.009519895 0.999854743 -0.014135733 -1.110996246 0.107370250 0.013032548 0.994133711 66.843849182
0.993794560 -0.013168201 -0.110448837 -7.313268185 0.011856345 0.999851227 -0.012525901 -1.116326332 0.110597350 0.011138653 0.993802905 67.096557617
0.993229806 -0.014972429 -0.115196928 -7.345831394 0.013590937 0.999826133 -0.012768575 -1.125207186 0.115368076 0.011116495 0.993260622 67.343360901
0.992575526 -0.014933102 -0.120709509 -7.377201080 0.013372972 0.999816358 -0.013724479 -1.130664349 0.120892294 0.012008337 0.992592990 67.595397949
0.991970539 -0.011750977 -0.125921875 -7.421668053 0.010032797 0.999847829 -0.014270348 -1.136006474 0.126070410 0.012892417 0.991937518 67.854286194
0.991353571 -0.010040872 -0.130832925 -7.462321758 0.008167213 0.999856353 -0.014849737 -1.143484950 0.130963236 0.013652800 0.991293192 68.096580505
0.990754962 -0.007524836 -0.135454670 -7.498748302 0.005507927 0.999868393 -0.015258539 -1.151243687 0.135551661 0.014371398 0.990666032 68.345726013
0.990230560 -0.003437901 -0.139397472 -7.537062645 0.001202078 0.999869347 -0.016120214 -1.155102491 0.139434680 0.015795162 0.990105271 68.599464417
0.989846170 0.000135607 -0.142142668 -7.583115101 -0.002405688 0.999872327 -0.015798716 -1.169447899 0.142122373 0.015980249 0.989720106 68.846702576
0.989581168 0.001417889 -0.143969253 -7.621375561 -0.003569175 0.999885798 -0.014685510 -1.173681021 0.143931985 0.015046355 0.989473164 69.098060608
0.989504039 -0.001018932 -0.144501448 -7.656707287 -0.001134624 0.999889553 -0.014820158 -1.181003094 0.144500583 0.014828562 0.989393592 69.349365234
0.989453733 -0.005046558 -0.144761205 -7.684289932 0.002812963 0.999873877 -0.015630048 -1.184127331 0.144821823 0.015058002 0.989343166 69.601890564
0.989486754 -0.007647910 -0.144421354 -7.717478275 0.005415045 0.999859750 -0.015847536 -1.187105656 0.144522294 0.014898879 0.989389360 69.860336304
0.989604294 -0.006384404 -0.143675253 -7.756000996 0.004356016 0.999886394 -0.014428001 -1.191938996 0.143751040 0.013652160 0.989519715 70.116935730
0.989717543 -0.003544336 -0.142991737 -7.796514034 0.001803785 0.999922752 -0.012300182 -1.200864434 0.143024296 0.011915780 0.989647448 70.380844116
0.989814997 -0.002966792 -0.142328560 -7.833592415 0.001192578 0.999920547 -0.012549310 -1.212163925 0.142354488 0.012251758 0.989739895 70.638702393
0.989880323 -0.004590117 -0.141830668 -7.863051891 0.002747392 0.999909282 -0.013185532 -1.223455667 0.141878322 0.012662433 0.989803135 70.889549255
0.990058064 -0.005841625 -0.140537947 -7.895168304 0.004059412 0.999907732 -0.012964699 -1.226448536 0.140600711 0.012265304 0.989990413 71.142044067
0.990229547 -0.003222911 -0.139409587 -7.940886021 0.001765118 0.999942482 -0.010579286 -1.238832831 0.139435664 0.010229847 0.990178287 71.407211304
0.990220487 0.000847213 -0.139508680 -7.971522331 -0.002230095 0.999949932 -0.009756494 -1.244823813 0.139493421 0.009972198 0.990172803 71.672424316
0.990284562 0.001641851 -0.139045820 -8.018301964 -0.002824086 0.999961495 -0.008305617 -1.249022603 0.139026836 0.008617601 0.990251124 71.938690186
0.990305603 0.002612782 -0.138881311 -8.051861763 -0.003793706 0.999958873 -0.008239079 -1.253223419 0.138854071 0.008686081 0.990274787 72.201843262
