1.000000000 0.000000000 0.000000000 0.000000000 0.000000000 1.000000000 0.000000000 0.000000000 0.000000000 0.000000000 1.000000000 0.000000000
0.999990463 -0.001593852 0.004069134 0.008349298 0.001595663 0.999998629 -0.000441858 0.001811153 -0.004068424 0.000448347 0.999991596 0.733357072
0.999965012 -0.002226106 0.008062763 0.004166577 0.002231274 0.999997318 -0.000632018 0.004683100 -0.008061334 0.000649986 0.999967277 1.458276749
0.999929547 -0.003390093 0.011374334 0.017164044 0.003378542 0.999993742 0.001034636 0.003911755 -0.011377770 -0.000996135 0.999934793 2.199240685
0.999892354 -0.002262958 0.014498771 0.031348940 0.002235295 0.999995649 0.001923830 -0.004346000 -0.014503061 -0.001891214 0.999893010 2.925145864
0.999837339 -0.002195691 0.017901275 0.043539979 0.002158937 0.999995530 0.002072241 0.000714594 -0.017905746 -0.002033256 0.999837637 3.652015448
0.999782324 -0.002622894 0.020699037 0.058930330 0.002580530 0.999994516 0.002073115 0.002913532 -0.020704361 -0.002019249 0.999783576 4.371886253
0.999702811 -0.004611346 0.023938343 0.079409838 0.004568018 0.999987841 0.001864374 0.000248163 -0.023946650 -0.001754469 0.999711692 5.098678589
0.999636889 -0.004938656 0.026490103 0.102451444 0.004881839 0.999985635 0.002209063 0.002512247 -0.026500633 -0.002078940 0.999646664 5.819846153
0.999544024 -0.007034574 0.029365119 0.115722567 0.006943450 0.999970734 0.003203942 0.007989847 -0.029386798 -0.002998586 0.999563634 6.545398235
0.999488056 -0.008652572 0.030801028 0.144118771 0.008536426 0.999955952 0.003900351 0.007814969 -0.030833419 -0.003635424 0.999517918 7.264307499
0.999460340 -0.009426909 0.031466179 0.167767748 0.009288853 0.999946594 0.004530759 0.011542711 -0.031507209 -0.004236029 0.999494553 7.986041546
0.999470413 -0.007602463 0.031639501 0.179699063 0.007439932 0.999958515 0.005251548 0.014469587 -0.031678114 -0.005013371 0.999485552 8.704699516
0.999475718 -0.005785384 0.031855743 0.188465029 0.005666824 0.999976695 0.003810822 0.018339241 -0.031877048 -0.003628303 0.999485195 9.420417786
0.999511778 -0.005238884 0.030802861 0.208591983 0.005197717 0.999985516 0.001416403 0.015204411 -0.030809835 -0.001255607 0.999524474 10.132763863
0.999560058 -0.005156057 0.029208392 0.225403741 0.005206954 0.999985039 -0.001666739 0.018012941 -0.029199362 0.001818092 0.999571979 10.842316628
0.999604404 -0.002212623 0.028037464 0.237423822 0.002324397 0.999989450 -0.003954634 0.021909788 -0.028028419 0.004018240 0.999599040 11.549929619
0.999642670 0.003398366 0.026512781 0.244968593 -0.003297494 0.999987185 -0.003847427 0.028631069 -0.026525516 0.003758626 0.999641061 12.281558990
0.999658942 0.001367137 0.026078565 0.270892322 -0.001323838 0.999997735 -0.001677519 0.008352223 -0.026080798 0.001642424 0.999658465 13.050218582
0.999692321 0.000488272 0.024799632 0.286407948 -0.000528812 0.999998510 0.001628184 0.014112034 -0.024798799 -0.001640797 0.999691129 13.773721695
0.999702752 -0.000257451 0.024378158 0.301284671 0.000108977 0.999981463 0.006091574 0.020532493 -0.024379274 -0.006087107 0.999684274 14.514001846
0.999697566 -0.001162430 0.024565365 0.322765797 0.000935251 0.999956727 0.009257398 0.017348766 -0.024575064 -0.009231623 0.999655366 15.253200531
0.999689400 -0.004765093 0.024462800 0.341542363 0.004594594 0.999964774 0.007021201 0.005647924 -0.024495397 -0.006906624 0.999676108 16.001243591
0.999691784 -0.006040860 0.024079682 0.369246334 0.006048354 0.999981701 -0.000238416 0.017898466 -0.024077801 0.000383985 0.999710023 16.739894867
0.999706507 -0.006102016 0.023444211 0.378786504 0.006245633 0.999962151 -0.006057559 0.019973060 -0.023406360 0.006202206 0.999706805 17.456773758
0.999715090 -0.007329067 0.022717088 0.412187457 0.007500474 0.999943972 -0.007469303 0.021676643 -0.022661071 0.007637564 0.999714017 18.212717056
0.999682426 -0.011046523 0.022649840 0.421659082 0.011160951 0.999925554 -0.004931894 0.010897250 -0.022593673 0.005183122 0.999731302 18.961469650
0.999657273 -0.013839115 0.022222955 0.443827748 0.013838536 0.999904215 0.000179874 0.012404948 -0.022223316 0.000127721 0.999752998 19.704986572
0.999660075 -0.014033978 0.021971278 0.459337324 0.013992636 0.999900043 0.002034253 0.015692150 -0.021997629 -0.001726126 0.999756515 20.448503494
0.999725938 -0.009051651 0.021589005 0.479535013 0.009057648 0.999958992 -0.000179993 0.011436284 -0.021586491 0.000375490 0.999766886 21.206830978
0.999735415 -0.006716520 0.021999042 0.475527823 0.006783261 0.999972582 -0.002960611 0.002709910 -0.021978555 0.003109053 0.999753594 21.975112915
0.999748528 -0.006459686 0.021475518 0.495630592 0.006561117 0.999967635 -0.004656017 0.010686317 -0.021444747 0.004795750 0.999758542 22.728082657
0.999718189 -0.009194280 0.021884935 0.514199376 0.009239989 0.999955356 -0.001988405 0.012946686 -0.021865675 0.002190061 0.999758542 23.484685898
0.999737144 -0.006273294 0.022053026 0.524357021 0.006208729 0.999976218 0.002994966 0.016662562 -0.022071291 -0.002857257 0.999752343 24.236974716
0.999736547 -0.005233942 0.022347040 0.536938608 0.005110891 0.999971509 0.005559967 0.013109457 -0.022375504 -0.005444289 0.999734819 25.019830704
0.999747813 -0.005333126 0.021814154 0.553611755 0.005220120 0.999972701 0.005234073 0.017599706 -0.021841474 -0.005118881 0.999748349 25.771202087
0.999749839 -0.006921006 0.021268116 0.574770629 0.006835408 0.999968231 0.004094809 0.019076152 -0.021295780 -0.003948409 0.999765396 26.529220581
0.999733686 -0.008039746 0.021631453 0.588083982 0.008001022 0.999966204 0.001876090 0.020153588 -0.021645805 -0.001702517 0.999764264 27.304624557
0.999734223 -0.008238859 0.021530706 0.608453095 0.008234998 0.999966085 0.000267977 0.022498826 -0.021532184 -0.000090601 0.999768138 28.048408508
0.999755800 -0.006735998 0.021045586 0.632676303 0.006733429 0.999977291 0.000192942 0.027149433 -0.021046409 -0.000051186 0.999778509 28.812179565
0.999734759 -0.003672471 0.022735089 0.636412740 0.003657823 0.999993086 0.000685846 0.032968510 -0.022737451 -0.000602503 0.999741316 29.570837021
0.999699116 -0.002026558 0.024444140 0.634458840 0.001994222 0.999997079 0.001347156 0.027546708 -0.024446798 -0.001298004 0.999700308 30.356853485
0.999658346 -0.003761438 0.025866972 0.658081710 0.003757774 0.999992907 0.000190287 0.035855286 -0.025867505 -0.000093020 0.999665380 31.112777710
0.999619067 -0.003650981 0.027357243 0.679712355 0.003692378 0.999992132 -0.001462825 0.037805881 -0.027351687 0.001563281 0.999624670 31.849134445
0.999580264 -0.001770091 0.028915625 0.693182230 0.001831504 0.999996126 -0.002097507 0.034449846 -0.028911799 0.002149585 0.999579668 32.588745117
0.999540806 -0.002396611 0.030207042 0.727895319 0.002508665 0.999990106 -0.003672203 0.042673018 -0.030197943 0.003746296 0.999536932 33.341083527
0.999495566 -0.002386138 0.031669304 0.741509616 0.002486626 0.999992013 -0.003134048 0.025080763 -0.031661570 0.003211217 0.999493480 34.091857910
0.999453664 -0.002432925 0.032962196 0.770552099 0.002538371 0.999991775 -0.003157529 0.025460396 -0.032954242 0.003239474 0.999451637 34.825012207
0.999392569 -0.000359496 0.034848113 0.795870483 0.000433784 0.999997675 -0.002124208 0.024653992 -0.034847267 0.002138034 0.999390364 35.566474915
0.999335408 0.000999310 0.036438424 0.824607968 -0.000920816 0.999997199 -0.002170880 0.020937191 -0.036440492 0.002135884 0.999333560 36.300148010
0.999237120 -0.000983521 0.039041635 0.857305765 0.001116615 0.999993622 -0.003387372 0.012707317 -0.039038055 0.003428382 0.999231815 37.047740936
0.999188423 -0.000255684 0.040279843 0.894354999 0.000472295 0.999985456 -0.005368241 0.017765937 -0.040277883 0.005382908 0.999173999 37.777633667
0.999101758 0.000575656 0.042372093 0.917933583 -0.000322523 0.999982059 -0.005980656 0.016511047 -0.042374775 0.005961617 0.999083996 38.498622894
0.999004722 0.000679862 0.044598792 0.943745315 -0.000399336 0.999980092 -0.006298594 0.014338946 -0.044602185 0.006274515 0.998985112 39.231662750
0.998943090 -0.002562487 0.045892756 0.987968028 0.002807659 0.999982119 -0.005278633 0.011857089 -0.045878410 0.005401905 0.998932421 39.960166931
0.998858511 -0.003573365 0.047633156 1.027143359 0.003771610 0.999984622 -0.004072688 0.005335779 -0.047617868 0.004247692 0.998856604 40.690536499
0.998719573 -0.005092190 0.050331842 1.064971685 0.005350108 0.999973238 -0.004990952 0.005343406 -0.050305080 0.005253842 0.998720050 41.430809021
0.998597801 -0.003906942 0.052793223 1.106551886 0.004202935 0.999976039 -0.005496777 0.006908346 -0.052770484 0.005710956 0.998590350 42.159973145
0.998433769 -0.004312159 0.055780131 1.150600195 0.004574088 0.999979079 -0.004568929 0.001199643 -0.055759262 0.004816916 0.998432636 42.891933441
0.998272419 -0.004066733 0.058614761 1.198366404 0.004400195 0.999974847 -0.005561094 -0.002009216 -0.058590673 0.005809403 0.998265207 43.626003265
0.998072684 -0.002098584 0.062020641 1.234383583 0.002476240 0.999978840 -0.006012966 0.000944374 -0.062006712 0.006154955 0.998056769 44.359951019
0.997860670 -0.002139408 0.065341644 1.288432002 0.002540851 0.999978423 -0.006061287 0.002542309 -0.065327264 0.006214343 0.997844517 45.092262268
0.997636259 -0.001203275 0.068705380 1.339716315 0.001682961 0.999974608 -0.006924322 0.001893185 -0.068695307 0.007023584 0.997612953 45.822376251
0.997393131 -0.002045037 0.072130539 1.396060586 0.002496636 0.999977827 -0.006171258 -0.009242026 -0.072116315 0.006335254 0.997376084 46.546836853
0.997180998 0.000381272 0.075032555 1.457905650 -0.000010421 0.999987781 -0.004942855 -0.007981249 -0.075033523 0.004928139 0.997168839 47.275798798
0.996906340 0.000844322 0.078594141 1.516533852 -0.000616775 0.999995530 -0.002919443 -0.008573193 -0.078596257 0.002861937 0.996902406 47.997932434
0.996660054 0.000419002 0.081660949 1.571849346 -0.000382730 0.999999821 -0.000459832 -0.011526694 -0.081661120 0.000427042 0.996660054 48.733428955
0.996322215 -0.003444408 0.085616402 1.639390588 0.003521312 0.999993503 -0.000747243 -0.012192311 -0.085613273 0.001045977 0.996327877 49.450225830
0.996051431 -0.003281254 0.088717237 1.700426102 0.003557023 0.999989331 -0.002950488 -0.016964410 -0.088706605 0.003254408 0.996052504 50.168697357
0.995688438 -0.003844699 0.092680886 1.767533422 0.004398229 0.999973714 -0.005768908 -0.012198353 -0.092656270 0.006151667 0.995679140 50.889991760
0.995413780 -0.003177956 0.095610388 1.850485444 0.003981282 0.999958336 -0.008212490 -0.014722448 -0.095580302 0.008555477 0.995384932 51.616397858
0.995059192 -0.005272549 0.099143147 1.903515935 0.006154111 0.999944210 -0.008588091 -0.025653578 -0.099092335 0.009155797 0.995036125 52.327434540
0.994689882 -0.005899368 0.102748297 1.971949458 0.006734262 0.999947071 -0.007780623 -0.020625575 -0.102696955 0.008431241 0.994676948 53.043308258
0.994299173 -0.006432073 0.106432140 2.051870584 0.007276656 0.999945045 -0.007548976 -0.027226737 -0.106377736 0.008280410 0.994291306 53.760852814
0.993899584 -0.008707747 0.109944552 2.127947092 0.009422229 0.999937713 -0.005980693 -0.033918813 -0.109885633 0.006980131 0.993919730 54.480251312
0.993577302 -0.006647288 0.112959765 2.202981472 0.007458776 0.999949336 -0.006762760 -0.028429704 -0.112909086 0.007561867 0.993576527 55.184810638
0.993255377 -0.002515589 0.115919754 2.277478218 0.003286973 0.999973714 -0.006463795 -0.033429705 -0.115900442 0.006801224 0.993237555 55.902557373
0.992960215 -0.002702415 0.118417419 2.368078470 0.003643253 0.999963462 -0.007729342 -0.032909486 -0.118392207 0.008106354 0.992933810 56.607879639
0.992651224 -0.005648665 0.120878525 2.448646545 0.006743844 0.999939799 -0.008652988 -0.050745528 -0.120822370 0.009404585 0.992629588 57.296508789
0.992242694 -0.006106216 0.124165788 2.541523933 0.007553656 0.999908864 -0.011189882 -0.049958199 -0.124086142 0.012040985 0.992198408 57.990695953
0.991845787 -0.004619454 0.127359927 2.628417730 0.006146622 0.999913812 -0.011600558 -0.056997560 -0.127295360 0.012288798 0.991788745 58.683006287
0.991521299 -0.006673428 0.129772902 2.715004683 0.007978206 0.999922693 -0.009537038 -0.068664581 -0.129699215 0.010491531 0.991497874 59.372299194
0.991179407 -0.006296925 0.132377207 2.810920477 0.007377883 0.999943316 -0.007676830 -0.072037637 -0.132321358 0.008585779 0.991169691 60.073917389
0.990789056 -0.007883717 0.135184869 2.910369635 0.008886123 0.999937296 -0.006813264 -0.075642258 -0.135122687 0.007951776 0.990796983 60.758335114
0.990474105 -0.008186386 0.137455702 3.003746510 0.009268725 0.999930859 -0.007235870 -0.082629636 -0.137386963 0.008440981 0.990481496 61.438407898
0.990070939 -0.008590017 0.140305772 3.100313425 0.009954658 0.999909699 -0.009027263 -0.088758208 -0.140215561 0.010334328 0.990067065 62.137145996
0.989680409 -0.006885667 0.143126860 3.197722912 0.008322482 0.999920785 -0.009442503 -0.088578686 -0.143050507 0.010536231 0.989659309 62.821285248
0.989260197 -0.007267451 0.145984456 3.301160574 0.008631189 0.999924839 -0.008710433 -0.097923033 -0.145910174 0.009876904 0.989248514 63.519733429
0.988897800 -0.006688757 0.148446575 3.400287390 0.007929058 0.999938428 -0.007764970 -0.104592249 -0.148385495 0.008855804 0.988889933 64.197692871
0.988497376 -0.006385083 0.151103243 3.504928350 0.007490845 0.999949157 -0.006749835 -0.106803253 -0.151052460 0.007804085 0.988494933 64.877586365
0.988065898 -0.003831298 0.153984055 3.605776787 0.005184262 0.999951422 -0.008385804 -0.114529312 -0.153944448 0.009084021 0.988037765 65.540428162
0.987710416 -0.005463167 0.156199455 3.719268560 0.006960119 0.999934912 -0.009038256 -0.116403237 -0.156139910 0.010014346 0.987684190 66.204956055
0.987306476 -0.008329581 0.158607990 3.824854374 0.010218438 0.999886215 -0.011097152 -0.113530867 -0.158497512 0.012577016 0.987279296 66.867401123
0.986729264 -0.008212380 0.162166178 3.920710325 0.010333782 0.999871671 -0.012242498 -0.126307920 -0.162044823 0.013755821 0.986687541 67.527503967
0.986316204 -0.006481688 0.164737090 4.029658794 0.008622856 0.999887347 -0.012285667 -0.133018091 -0.164638907 0.013538056 0.986261010 68.187698364
0.985871911 -0.007823042 0.167318031 4.135998726 0.010022352 0.999874055 -0.012304109 -0.135189563 -0.167200714 0.013807195 0.985826194 68.835739136
0.985601902 -0.007334352 0.168923229 4.264707088 0.009527631 0.999880493 -0.012176990 -0.147165909 -0.168813735 0.013611102 0.985553980 69.490470886
0.985128641 -0.005370412 0.171734586 4.377512932 0.007594109 0.999895573 -0.012294104 -0.156904966 -0.171650633 0.013415445 0.985066533 70.169837952
0.984762788 -0.005810705 0.173805997 4.500412464 0.008009956 0.999896467 -0.011954724 -0.168525428 -0.173718527 0.013164746 0.984707355 70.817169189
0.984298050 -0.009761871 0.176244184 4.620829105 0.011968628 0.999862671 -0.011462322 -0.172244161 -0.176108092 0.013391742 0.984279752 71.459403992
0.983787417 -0.008680829 0.179128170 4.743820667 0.010775689 0.999884427 -0.010725069 -0.175543591 -0.179014370 0.012481418 0.983767271 72.116889954
0.983227670 -0.006381709 0.182270825 4.849891186 0.008231832 0.999921978 -0.009395652 -0.180814743 -0.182196647 0.010738487 0.983203471 72.765693665
0.982709169 -0.003687742 0.185119122 4.957612991 0.005010671 0.999965131 -0.006679047 -0.193701535 -0.185088038 0.007491132 0.982693374 73.408866882
0.982306361 -0.005235428 0.187207937 5.088473320 0.006320915 0.999966502 -0.005201822 -0.195055127 -0.187174425 0.006293108 0.982306540 74.046783447
0.981834292 -0.009035618 0.189525276 5.216341019 0.010186616 0.999935091 -0.005099779 -0.194481343 -0.189466894 0.006937758 0.981862605 74.671150208
0.981052995 -0.010616669 0.193448424 5.332608223 0.012255963 0.999898374 -0.007279252 -0.207436040 -0.193351492 0.009512228 0.981083453 75.308563232
0.980619490 -0.008333971 0.195744559 5.463923931 0.010386065 0.999901295 -0.009459418 -0.204009905 -0.195646405 0.011309106 0.980609298 75.920387268
0.980042517 -0.005301834 0.198717192 5.572347641 0.007386122 0.999925196 -0.009748913 -0.212500915 -0.198650643 0.011022099 0.980008364 76.549346924
0.979456007 -0.004475035 0.201608405 5.696871281 0.006324401 0.999943614 -0.008529849 -0.221306086 -0.201558873 0.009629664 0.979429066 77.186523438
0.978927732 -0.006333633 0.204108804 5.831728935 0.007973806 0.999942183 -0.007214349 -0.222305208 -0.204051301 0.008689850 0.978921652 77.800895691
0.978319824 -0.007846821 0.206951171 5.971237183 0.009144929 0.999944031 -0.005316630 -0.226077437 -0.206897870 0.007093918 0.978336811 78.418128967
0.977554142 -0.006513441 0.210583583 6.093937874 0.007608195 0.999961436 -0.004388910 -0.235428050 -0.210546881 0.005892558 0.977566004 79.024650574
0.976556361 -0.005321890 0.215196207 6.216075897 0.006806254 0.999957860 -0.006157287 -0.234159291 -0.215154380 0.007477618 0.976551414 79.642219543
0.975957572 -0.005750410 0.217884675 6.359520912 0.007679676 0.999938428 -0.008008739 -0.243924588 -0.217825219 0.009489473 0.975941658 80.223503113
0.975078821 -0.008585271 0.221692577 6.503351688 0.010955662 0.999895215 -0.009464736 -0.245172828 -0.221588090 0.011657652 0.975070655 80.820220947
0.974049985 -0.007778727 0.226199299 6.634059906 0.010078054 0.999908626 -0.009012016 -0.246370271 -0.226108521 0.011057802 0.974039376 81.417716980
0.973019898 -0.010302874 0.230491027 6.777674675 0.012236544 0.999900877 -0.006961432 -0.248607159 -0.230396464 0.009594025 0.973049581 82.019569397
0.971966207 -0.010403317 0.234890252 6.925395012 0.011854162 0.999918401 -0.004765533 -0.253971606 -0.234821513 0.007416364 0.972010195 82.609962463
0.970691264 -0.009072274 0.240158692 7.065832138 0.010129253 0.999943674 -0.003167133 -0.264916211 -0.240116432 0.005506936 0.970728457 83.185653687
0.969702065 -0.009170724 0.244118497 7.221143723 0.010426900 0.999938190 -0.003853983 -0.264338523 -0.244068071 0.006282615 0.969737768 83.775009155
0.968451262 -0.008817048 0.249046907 7.371380806 0.010948636 0.999914348 -0.007175067 -0.260864079 -0.248962298 0.009675426 0.968464851 84.352745056
0.967050850 -0.010618920 0.254361689 7.529632092 0.013380893 0.999868810 -0.009130608 -0.267087877 -0.254231364 0.012233349 0.967066050 84.927864075
0.965742648 -0.011703066 0.259237677 7.687665939 0.014805796 0.999840200 -0.010019352 -0.271153301 -0.259078979 0.013514335 0.965761602 85.498123169
0.964297473 -0.009464564 0.264652193 7.847860336 0.012427070 0.999877453 -0.009521888 -0.273392379 -0.264529645 0.012470784 0.964296937 86.078628540
0.963007331 -0.004813231 0.269432247 8.000411034 0.007042283 0.999948502 -0.007307169 -0.283605814 -0.269383192 0.008934275 0.962991595 86.651016235
0.961689532 -0.004387717 0.274105877 8.151014328 0.006597429 0.999952734 -0.007140193 -0.288114667 -0.274061590 0.008675043 0.961673021 87.210777283
0.960476935 -0.006506321 0.278283566 8.324309349 0.008406979 0.999948800 -0.005637132 -0.289553165 -0.278232634 0.007753860 0.960482419 87.773544312
0.958999455 -0.010641369 0.283207983 8.497191429 0.012249064 0.999917328 -0.003906515 -0.294186056 -0.283143014 0.007215378 0.959050536 88.330802917
0.957292497 -0.009533479 0.288964033 8.657927513 0.011155099 0.999929905 -0.003965480 -0.292067498 -0.288905978 0.007019547 0.957331777 88.907501221
0.955905676 -0.004778755 0.293635070 8.818355560 0.006179136 0.999973536 -0.003841647 -0.303150922 -0.293608934 0.005486663 0.955909848 89.458358765
0.954601586 -0.001963378 0.297879070 8.989776611 0.003429666 0.999984443 -0.004399830 -0.307307750 -0.297865808 0.005221711 0.954593480 89.994377136
0.953221798 -0.001740722 0.302266657 9.168685913 0.003309781 0.999983549 -0.004678857 -0.306042582 -0.302253544 0.005460424 0.953211904 90.544708252
0.951617360 -0.002552446 0.307274908 9.341632843 0.004710559 0.999969184 -0.006281942 -0.307785451 -0.307249397 0.007425442 0.951600075 91.090011597
0.950298965 -0.001983016 0.311332524 9.521726608 0.004185564 0.999970734 -0.006406590 -0.309305340 -0.311310709 0.007391278 0.950279474 91.632629395
0.948749125 0.001720158 0.316025525 9.688516617 0.000843833 0.999967813 -0.007976218 -0.309505373 -0.316029072 0.007834103 0.948717177 92.168251038
0.947680473 0.002750430 0.319208711 9.884036064 0.000277194 0.999955416 -0.009438964 -0.318507075 -0.319220424 0.009033604 0.947637439 92.701141357
0.946445465 0.003032584 0.322849482 10.047634125 0.000892125 0.999927521 -0.012007798 -0.328006268 -0.322862506 0.011652748 0.946374118 93.200286865
0.945364416 0.002736237 0.326004088 10.232356071 0.001044585 0.999934196 -0.011421853 -0.330772609 -0.326013893 0.011138352 0.945299387 93.717361450
0.944332778 0.002795581 0.328979850 10.416089058 0.000585944 0.999948025 -0.010179230 -0.332196146 -0.328991205 0.009805345 0.944282055 94.228477478
0.943685591 0.006472337 0.330780327 10.581576347 -0.003466375 0.999947190 -0.009676592 -0.337790549 -0.330825478 0.007985052 0.943658173 94.727165222
0.943224370 0.006594483 0.332090735 10.742287636 -0.003666000 0.999948680 -0.009444061 -0.351861149 -0.332135975 0.007690424 0.943200171 95.217102051
0.943085909 0.002021800 0.332543135 10.920667648 0.000301116 0.999975920 -0.006933624 -0.358332068 -0.332549155 0.006639137 0.943062544 95.691726685
0.942990005 0.002264971 0.332813352 11.086185455 -0.000288466 0.999982059 -0.005988070 -0.360218167 -0.332820952 0.005550684 0.942973733 96.154144287
0.942863762 0.003312673 0.333162129 11.240792274 -0.001176862 0.999977469 -0.006612331 -0.358322412 -0.333176523 0.005842442 0.942846358 96.604202271
0.942584157 0.007280626 0.333889455 11.386431694 -0.005191768 0.999960959 -0.007148069 -0.363550752 -0.333928466 0.005004180 0.942585111 97.067802429
0.942563236 0.009225544 0.333900392 11.544161797 -0.007371515 0.999949574 -0.006819281 -0.367877066 -0.333946466 0.003966252 0.942583680 97.512428284
0.942772150 0.011604964 0.333235741 11.695190430 -0.010227211 0.999930382 -0.005888405 -0.380248070 -0.333280861 0.002143353 0.942825139 97.955642700
0.942922592 0.013798124 0.332726091 11.843992233 -0.011489501 0.999894321 -0.008905090 -0.378487974 -0.332813799 0.004573954 0.942981482 98.387992859
0.942860782 0.015741888 0.332814783 11.980574608 -0.013171283 0.999863446 -0.009978681 -0.384267151 -0.332926422 0.005024910 0.942939401 98.809097290
0.943177164 0.016614771 0.331874728 12.128149033 -0.013968531 0.999848783 -0.010357700 -0.383081228 -0.331996650 0.005133344 0.943266630 99.233741760
0.943470895 0.012640540 0.331214249 12.274331093 -0.010227836 0.999906957 -0.009026480 -0.381745607 -0.331297547 0.005128616 0.943512380 99.646820068
0.943544924 0.010940776 0.331063807 12.429310799 -0.008773008 0.999929190 -0.008041574 -0.383313060 -0.331128329 0.004683161 0.943574131 100.064483643
0.943336427 0.009811150 0.331692815 12.565438271 -0.008427590 0.999948740 -0.005609389 -0.393693268 -0.331730872 0.002496170 0.943370759 100.487594604
0.943258047 0.011815079 0.331850380 12.701335907 -0.011651535 0.999929011 -0.002482557 -0.394951284 -0.331856161 -0.001524875 0.943328798 100.901931763
0.943159103 0.012761661 0.332096398 12.839519501 -0.012743107 0.999916315 -0.002233734 -0.398519933 -0.332097113 -0.002125173 0.943242788 101.305831909
0.943174064 0.013857344 0.332009971 12.982157707 -0.013659767 0.999902427 -0.002928989 -0.403643906 -0.332018167 -0.001772632 0.943271339 101.706077576
0.943114161 0.015585742 0.332103491 13.116184235 -0.014770525 0.999878526 -0.004979040 -0.407293320 -0.332140744 -0.000209539 0.943229795 102.098571777
0.943218291 0.012921609 0.331922203 13.256007195 -0.011707306 0.999915481 -0.005657866 -0.413314402 -0.331967264 0.001450689 0.943289816 102.484733582
0.943250299 0.009631111 0.331942916 13.396409988 -0.008123086 0.999949396 -0.005930298 -0.412558794 -0.331983238 0.002897354 0.943280816 102.886840820
0.943179429 0.005528407 0.332237929 13.539690018 -0.003612695 0.999973118 -0.006383495 -0.412062913 -0.332264304 0.004820507 0.943174005 103.271911621
0.943112731 0.005728224 0.332423866 13.671802521 -0.003239418 0.999962449 -0.008040555 -0.412296653 -0.332457423 0.006506290 0.943095803 103.658958435
0.942901134 0.008376286 0.332967341 13.797650337 -0.006045683 0.999949455 -0.008034966 -0.413999259 -0.333017796 0.005563164 0.942904115 104.042358398
0.942690551 0.016318848 0.333269060 13.919835091 -0.013981182 0.999857962 -0.009411621 -0.418734401 -0.333375305 0.004212751 0.942784786 104.424842834
0.942564964 0.023274662 0.333210975 14.040912628 -0.020883529 0.999724030 -0.010756418 -0.428196490 -0.333369374 0.003180003 0.942790926 104.798400879
0.942565680 0.021535696 0.333325863 14.168457031 -0.018170679 0.999747634 -0.013209907 -0.426928788 -0.333526224 0.006394448 0.942719162 105.165893555
0.942662895 0.014180388 0.333445072 14.311306953 -0.011221345 0.999878705 -0.010798551 -0.425435007 -0.333557755 0.006437692 0.942707717 105.534088135
0.942552269 0.007241219 0.333980232 14.447388649 -0.005074633 0.999960065 -0.007359189 -0.426257372 -0.334020168 0.005241593 0.942551374 105.897171021
0.942409217 0.008449948 0.334355235 14.578303337 -0.006916287 0.999959409 -0.005777185 -0.431625664 -0.334390491 0.003131976 0.942429423 106.257217407
0.941903353 0.013808215 0.335600108 14.688261032 -0.012390577 0.999902964 -0.006365163 -0.436446100 -0.335655421 0.001837089 0.941983044 106.634223938
0.941544890 0.020357171 0.336271971 14.797652245 -0.019537883 0.999792159 -0.005820130 -0.442247570 -0.336320549 -0.001090130 0.941746950 106.981948853
0.940965891 0.024383476 0.337622046 14.912191391 -0.024479920 0.999692440 -0.003972512 -0.447481006 -0.337615073 -0.004526962 0.941273391 107.317504883
0.940122306 0.024885302 0.339927644 15.026518822 -0.025812654 0.999665201 -0.001794264 -0.457496554 -0.339858472 -0.007087607 0.940449893 107.656333923
0.939075887 0.020249438 0.343112916 15.147707939 -0.020147940 0.999789536 -0.003860919 -0.454583406 -0.343118876 -0.003287322 0.939286232 107.969947815
0.937866807 0.013426165 0.346735686 15.282489777 -0.011941717 0.999908090 -0.006417546 -0.449012369 -0.346789986 0.001878184 0.937940955 108.263740540
0.935790122 0.007356137 0.352480829 15.405174255 -0.005835111 0.999968529 -0.005377503 -0.449138224 -0.352509290 0.002975449 0.935803592 108.561637878
0.933480442 0.011724902 0.358436644 15.512747765 -0.010806103 0.999931157 -0.004566523 -0.454033822 -0.358465523 0.000389457 0.933542907 108.856170654
0.930931270 0.019436430 0.364676863 15.620157242 -0.018338963 0.999810874 -0.006472688 -0.461750299 -0.364733696 -0.000662168 0.931111634 109.129631042
0.927699089 0.025662187 0.372445703 15.714313507 -0.024089575 0.999670386 -0.008876069 -0.464530617 -0.372550726 -0.000737738 0.928011537 109.400558472
0.924121082 0.027495755 0.381109118 15.818737030 -0.025945315 0.999620974 -0.009206601 -0.472439289 -0.381217808 -0.001379982 0.924484193 109.664031982
0.920595288 0.025463862 0.389687002 15.950787544 -0.023598701 0.999675691 -0.009573713 -0.462583393 -0.389804393 -0.000382593 0.920897603 109.926010132
0.916579008 0.023403523 0.399168164 16.062969208 -0.021955146 0.999725342 -0.008200729 -0.477121234 -0.399250448 -0.001247179 0.916841030 110.171371460
0.912072837 0.023435676 0.409357935 16.178010941 -0.022180995 0.999723434 -0.007813484 -0.479113966 -0.409427822 -0.001953498 0.912340403 110.411827087
0.907513738 0.023576720 0.419360191 16.305915833 -0.022088408 0.999720693 -0.008404711 -0.479030192 -0.419441223 -0.001635608 0.907781005 110.654159546
0.902926564 0.021319885 0.429265738 16.427602768 -0.018878251 0.999772310 -0.009945719 -0.477707773 -0.429380029 0.000876467 0.903123498 110.886634827
0.899096906 0.017849037 0.437385619 16.555030823 -0.014100840 0.999830782 -0.011815648 -0.482323796 -0.437522471 0.004455909 0.899196446 111.117599487
0.896905780 0.014491268 0.441984177 16.680212021 -0.009669184 0.999866664 -0.013161077 -0.482102722 -0.442115963 0.007530620 0.896926284 111.347953796
0.896279037 0.015713459 0.443212152 16.793617249 -0.011563288 0.999860346 -0.012064949 -0.489691794 -0.443339854 0.005688570 0.896335542 111.587333679
0.896747947 0.022579115 0.441965342 16.895177841 -0.019385682 0.999743164 -0.011741294 -0.496110648 -0.442116916 0.001961182 0.896955311 111.839416504
0.898145020 0.028700862 0.438761622 17.007524490 -0.025345013 0.999587536 -0.013505118 -0.498511940 -0.438968241 0.001009137 0.898501992 112.070922852
0.900019526 0.028490821 0.434917390 17.102697372 -0.024481181 0.999590456 -0.014820309 -0.494918585 -0.435161501 0.002691278 0.900348425 112.298492432
0.902545154 0.025086561 0.429863840 17.208818436 -0.021328548 0.999680579 -0.013559110 -0.499972135 -0.430066675 0.003069338 0.902791917 112.531723022
0.906403244 0.024315473 0.421713114 17.311029434 -0.020956596 0.999701023 -0.012598790 -0.503926277 -0.421893358 0.002581914 0.906641781 112.762168884
0.910986304 0.024318786 0.411719024 17.404827118 -0.020919904 0.999699712 -0.012760495 -0.500637054 -0.411905706 0.003011515 0.911221504 112.994178772
0.915674508 0.024515498 0.401172310 17.493644714 -0.020886797 0.999691844 -0.013416767 -0.507915318 -0.401377589 0.003906187 0.915904343 113.222427368
0.920145690 0.026079226 0.390706748 17.576442719 -0.022603819 0.999653459 -0.013491911 -0.512595952 -0.390923202 0.003583060 0.920416355 113.464843750
0.924678087 0.027189245 0.379777759 17.648027420 -0.023877891 0.999624670 -0.013428058 -0.508100748 -0.380000323 0.003348339 0.924980283 113.700027466
0.929610848 0.027073707 0.367546856 17.740381241 -0.023663115 0.999624968 -0.013783455 -0.511611223 -0.367782205 0.004115945 0.929902852 113.949935913
0.934056163 0.026518101 0.356140286 17.832117081 -0.022866901 0.999633968 -0.014458979 -0.510087430 -0.356393337 0.005361673 0.934320629 114.218536377
0.938453257 0.026564894 0.344383150 17.915395737 -0.023342550 0.999636352 -0.013500494 -0.515962064 -0.344616562 0.004630802 0.938732088 114.489883423
0.943039834 0.026698910 0.331606686 18.007297516 -0.024253406 0.999639571 -0.011511703 -0.516255140 -0.331794530 0.002813403 0.943347454 114.775199890
0.947197497 0.026388768 0.319563031 18.090667725 -0.024402138 0.999650002 -0.010219856 -0.520557880 -0.319720864 0.001882203 0.947509944 115.069770813
0.951121032 0.027676109 0.307575643 18.169057846 -0.025890630 0.999615908 -0.009884902 -0.520330608 -0.307731092 0.001438412 0.951472282 115.366714478
0.955006659 0.028821860 0.295180619 18.253435135 -0.027069315 0.999583304 -0.010022591 -0.521471679 -0.295346498 0.001581303 0.955388904 115.674133301
0.958596945 0.030153550 0.283165365 18.334579468 -0.028327288 0.999543130 -0.010542677 -0.523372829 -0.283353895 0.002084872 0.959013164 115.989891052
0.961651683 0.030833757 0.272535086 18.409994125 -0.028530115 0.999515891 -0.012412333 -0.525204003 -0.272785842 0.004160883 0.962065756 116.313789368
0.964497864 0.031588104 0.262194604 18.488267899 -0.028987993 0.999484777 -0.013779723 -0.529877365 -0.262494802 0.005690018 0.964916646 116.637687683
0.967093170 0.031023590 0.252523959 18.571697235 -0.027798247 0.999480128 -0.016331000 -0.527779937 -0.252899319 0.008773876 0.967452824 116.984390259
0.968780935 0.030838527 0.245992839 18.636339188 -0.027124805 0.999461353 -0.018471761 -0.535970032 -0.246429995 0.011222581 0.969095647 117.344718933
0.970332921 0.030866189 0.239794329 18.722967148 -0.026859475 0.999439955 -0.019959897 -0.536661148 -0.240276113 0.012926995 0.970618486 117.713386536
0.971435964 0.030853724 0.235287488 18.808797836 -0.026872898 0.999436617 -0.020107500 -0.534606636 -0.235775322 0.013210294 0.971717775 118.102485657
0.972061992 0.031587906 0.232589215 18.903192520 -0.027564837 0.999409199 -0.020527672 -0.541280508 -0.233100235 0.013542888 0.972358406 118.504806519
0.972264886 0.035572592 0.231161490 18.994083405 -0.031311210 0.999265790 -0.022078447 -0.547901809 -0.231777161 0.014228153 0.972664833 118.923278809
0.972558320 0.034765836 0.230047077 19.097610474 -0.030305143 0.999278426 -0.022896314 -0.561761320 -0.230677098 0.015296392 0.972910106 119.354751587
0.972761691 0.028354127 0.230066836 19.212636948 -0.023644801 0.999451160 -0.023201117 -0.562040567 -0.230598420 0.017129274 0.972898245 119.802497864
0.972559869 0.019450085 0.231838390 19.333677292 -0.014827245 0.999655306 -0.021665942 -0.574829936 -0.232179880 0.017633900 0.972513020 120.271354675
0.972173929 0.013698290 0.233859345 19.454656601 -0.009279992 0.999757230 -0.019982947 -0.580717921 -0.234076306 0.017256688 0.972065091 120.747314453
0.971542835 0.011209426 0.236598641 19.574102402 -0.007573424 0.999838948 -0.016271077 -0.581737518 -0.236742929 0.014016186 0.971471250 121.227554321
0.970902801 0.011621380 0.239191800 19.691411972 -0.008758457 0.999876738 -0.013028611 -0.585469842 -0.239313737 0.010554563 0.970884919 121.727798462
0.969989717 0.010596761 0.242914945 19.819574356 -0.008226057 0.999908149 -0.010771664 -0.591789067 -0.243006781 0.008450171 0.969987810 122.227394104
0.968876123 0.005608043 0.247482583 19.957529068 -0.002926793 0.999933004 -0.011200657 -0.595286727 -0.247528821 0.010127719 0.968827605 122.726776123
0.967895269 -0.001003431 0.251351744 20.099754333 0.004487369 0.999901652 -0.013288036 -0.603388727 -0.251313686 0.013989336 0.967804611 123.233932495
0.966735721 -0.003578942 0.255752385 20.239955902 0.008231166 0.999819517 -0.017122289 -0.610369265 -0.255644947 0.018657869 0.966590703 123.744300842
0.965641022 -0.004099869 0.259847373 20.379772186 0.009911731 0.999729097 -0.021060115 -0.613144040 -0.259690613 0.022912048 0.965420008 124.252258301
0.964772105 -0.006052647 0.263017416 20.524900436 0.012490487 0.999661744 -0.022811696 -0.618903041 -0.262790382 0.025293304 0.964521348 124.766967773
0.964136839 -0.003592320 0.265381366 20.667594910 0.009837268 0.999705017 -0.022206577 -0.622932374 -0.265223294 0.024020806 0.963887751 125.289558411
0.963741243 -0.002371953 0.266828060 20.812427521 0.008067137 0.999762416 -0.020249903 -0.630997300 -0.266716629 0.021668205 0.963531375 125.811614990
0.962999821 -0.001257074 0.269499034 20.953022003 0.006256924 0.999823868 -0.017694181 -0.646275103 -0.269429326 0.018725729 0.962838113 126.341720581
0.962156296 0.000321941 0.272497982 21.097377777 0.004818535 0.999822855 -0.018194882 -0.655850768 -0.272455543 0.018819362 0.961984277 126.874099731
0.961625457 -0.000103858 0.274365634 21.246219635 0.005938212 0.999773562 -0.020434419 -0.665379643 -0.274301380 0.021279499 0.961408317 127.395568848
0.960956335 -0.000865956 0.276698649 21.400951385 0.007284629 0.999727666 -0.022170294 -0.673711777 -0.276604086 0.023320332 0.960700989 127.916717529
0.959679663 0.000880316 0.281094581 21.557292938 0.005778351 0.999722004 -0.022858631 -0.685356736 -0.281036556 0.023561226 0.959407806 128.443466187
0.958000362 0.001143290 0.286764681 21.707052231 0.005579039 0.999728501 -0.022623781 -0.692477226 -0.286712676 0.023273462 0.957733870 128.972625732
0.956478119 0.000980996 0.291802436 21.871578217 0.005737127 0.999737859 -0.022166286 -0.707095802 -0.291747689 0.022875676 0.956221759 129.494888306
0.954725504 -0.001419746 0.297484815 22.038991928 0.008431589 0.999716043 -0.022288568 -0.719917238 -0.297368675 0.023787733 0.954466343 130.015365601
0.953048706 -0.002746625 0.302804530 22.208784103 0.010393359 0.999666393 -0.023644527 -0.728736401 -0.302638561 0.025681542 0.952759326 130.535827637
0.951433480 -0.001504906 0.307850659 22.377883911 0.009647771 0.999642611 -0.024930412 -0.739663243 -0.307703108 0.026689703 0.951108038 131.058410645
0.949711323 -0.000597549 0.313126236 22.553428650 0.008869105 0.999648273 -0.024992323 -0.748585045 -0.313001186 0.026512641 0.949382603 131.588638306
0.947737336 -0.001217082 0.319049388 22.731172562 0.009175006 0.999683142 -0.023440883 -0.760106444 -0.318919778 0.025143079 0.947448134 132.120788574
0.945337117 -0.002841497 0.326082289 22.924890518 0.010558878 0.999704421 -0.021899508 -0.774206221 -0.325923681 0.024145482 0.945087671 132.663848877
0.942471564 -0.004906549 0.334250331 23.117637634 0.012723827 0.999694228 -0.021202061 -0.782372355 -0.334044099 0.024235284 0.942245841 133.201431274
0.939799488 -0.005499611 0.341682166 23.317298889 0.013278442 0.999703050 -0.020431548 -0.792172432 -0.341468334 0.023738565 0.939593434 133.737396240
0.936845183 -0.004862025 0.349710584 23.514253616 0.012872186 0.999705255 -0.020584606 -0.801701546 -0.349507421 0.023786128 0.936631620 134.275863647
0.934007704 -0.001865960 0.357247978 23.720392227 0.009926745 0.999735832 -0.020731229 -0.809620202 -0.357114911 0.022909438 0.933779478 134.806457520
0.931129694 0.000670655 0.364687502 23.927658081 0.007226974 0.999768019 -0.020290658 -0.823167443 -0.364616513 0.021528821 0.930908859 135.366119385
0.928026557 0.001014486 0.372512698 24.144813538 0.007283680 0.999755681 -0.020868246 -0.830122650 -0.372442871 0.022079550 0.927792430 135.901885986
0.924927413 0.001542617 0.380140692 24.368154526 0.007133323 0.999745250 -0.021413205 -0.839781165 -0.380076885 0.022517325 0.924680769 136.447036743
0.921965003 0.002151143 0.387267232 24.600093842 0.006576825 0.999753416 -0.021210721 -0.850688100 -0.387217343 0.022102531 0.921723485 136.990905762
0.919019103 0.003329519 0.394199014 24.839893341 0.005539907 0.999756515 -0.021359742 -0.853338301 -0.394174129 0.021813836 0.918776870 137.552612305
0.916374207 0.005604343 0.400283545 25.078670502 0.003157569 0.999769688 -0.021226374 -0.861657977 -0.400310308 0.020715225 0.916145504 138.100021362
0.913935781 0.008726683 0.405765027 25.314382553 -0.000039606 0.999770701 -0.021412600 -0.872320533 -0.405858845 0.019553671 0.913726568 138.648788452
0.911527336 0.009532499 0.411128938 25.557096481 -0.000782576 0.999769688 -0.021445742 -0.883453131 -0.411238700 0.019226640 0.911324918 139.198867798
0.909443200 0.010140262 0.415704459 25.796762466 -0.000890145 0.999747813 -0.022439420 -0.899601102 -0.415827155 0.020037342 0.909222901 139.762084961
0.908381462 0.010910559 0.418000102 26.054149628 -0.000469576 0.999685526 -0.025073137 -0.901805282 -0.418142200 0.022579690 0.908100903 140.318695068
0.907898366 0.012140827 0.419014484 26.323020935 -0.001180484 0.999650598 -0.026406787 -0.922741532 -0.419188678 0.023480039 0.907595515 140.896286011
0.907500625 0.012253775 0.419871926 26.576593399 -0.001112379 0.999641001 -0.026769809 -0.936845064 -0.420049250 0.023826564 0.907188475 141.458786011
0.907582641 0.012981399 0.419672728 26.831954956 -0.001659225 0.999625027 -0.027332362 -0.946523309 -0.419870168 0.024110045 0.907263875 142.023010254
0.908059716 0.011535424 0.418681771 27.081457138 -0.000237418 0.999634683 -0.027026778 -0.962302506 -0.418840587 0.024442526 0.907730758 142.599136353
0.909160972 0.011052872 0.416298270 27.338890076 0.000435960 0.999621928 -0.027492432 -0.978553593 -0.416444749 0.025176534 0.908812404 143.164672852
0.911429167 0.007985055 0.411379486 27.605560303 0.003512836 0.999624193 -0.027185988 -0.997781277 -0.411441982 0.026223211 0.911058664 143.718063354
0.913829446 0.006063386 0.406053007 27.853528976 0.004703430 0.999663413 -0.025512628 -1.010431409 -0.406071037 0.025224032 0.913493335 144.296829224
0.916565716 0.003586542 0.399868011 28.100427628 0.006124932 0.999716580 -0.023006164 -1.022400141 -0.399837196 0.023535825 0.916283965 144.881408691
0.919569492 0.000099505 0.392927498 28.345849991 0.008534417 0.999759018 -0.020226305 -1.031544924 -0.392834812 0.021952899 0.919346988 145.463043213
0.922552824 0.003627177 0.385853767 28.593624115 0.004398059 0.999792039 -0.019913930 -1.048946261 -0.385845751 0.020068660 0.922344983 146.077163696
0.925411522 0.004217464 0.378940225 28.823520660 0.004009375 0.999773145 -0.020918416 -1.055368423 -0.378942460 0.020877458 0.925184727 146.666061401
0.927970767 0.005406696 0.372613788 29.050285339 0.002685724 0.999771714 -0.021195503 -1.063007474 -0.372643322 0.020669544 0.927744448 147.258132935
0.929916203 0.006868253 0.367707312 29.271389008 0.001246319 0.999760985 -0.021826008 -1.074615002 -0.367769361 0.020754639 0.929685414 147.862609863
0.932061374 0.007151595 0.362229854 29.518934250 0.000454289 0.999781311 -0.020907875 -1.087168097 -0.362300158 0.019651979 0.931854248 148.462219238
