1.000000000 0.000000000 0.000000000 0.000000000 0.000000000 1.000000000 0.000000000 0.000000000 0.000000000 0.000000000 1.000000000 0.000000000
0.999999583 -0.000941413 0.000038972 -0.002477068 0.000941479 0.999998033 -0.001738170 0.006859307 -0.000037336 0.001738205 0.999998510 1.159238458
0.999998868 0.001485785 0.000105145 -0.005910710 -0.001485887 0.999998450 0.000973961 0.011153087 -0.000103698 -0.000974116 0.999999523 2.324668646
0.999995053 0.003113806 0.000410321 -0.015320157 -0.003115540 0.999985933 0.004294776 0.014500705 -0.000396942 -0.004296033 0.999990702 3.467740536
0.999994755 0.003227708 -0.000228378 -0.012158980 -0.003226153 0.999973595 0.006509962 0.027448704 0.000249384 -0.006509191 0.999978781 4.627814293
0.999995172 0.003088857 -0.000267021 -0.009276708 -0.003086778 0.999967396 0.007463822 0.038078450 0.000290067 -0.007462962 0.999972105 5.782577038
0.999998152 0.001821851 -0.000633207 -0.015260406 -0.001817615 0.999976397 0.006627260 0.052760869 0.000645266 -0.006626097 0.999977827 6.934530258
0.999997795 0.001815237 -0.001031923 -0.005991756 -0.001809336 0.999982178 0.005691213 0.063359775 0.001042235 -0.005689333 0.999983251 8.079642296
0.999996841 0.002309335 -0.000964572 -0.022900252 -0.002304771 0.999986291 0.004706400 0.072326146 0.000975428 -0.004704163 0.999988437 9.235359192
0.999994278 0.003178379 -0.001171963 -0.021121975 -0.003173009 0.999984562 0.004555373 0.075735204 0.001186423 -0.004551628 0.999988914 10.378149986
0.999992073 0.003734535 -0.001386305 -0.030534117 -0.003727126 0.999978960 0.005308867 0.085651167 0.001406102 -0.005303657 0.999984920 11.519048691
0.999993920 0.003191218 -0.001407536 -0.026222615 -0.003182604 0.999976456 0.006080293 0.094588473 0.001426906 -0.006075777 0.999980509 12.647348404
0.999988079 0.004644202 -0.001520163 -0.035152864 -0.004635698 0.999973834 0.005550643 0.098811537 0.001545902 -0.005543530 0.999983430 13.778133392
0.999988854 0.004382316 -0.001755907 -0.038688991 -0.004373112 0.999976873 0.005212102 0.099183992 0.001778707 -0.005204365 0.999984860 14.905503273
0.999988556 0.004252359 -0.002183227 -0.034568585 -0.004239082 0.999972701 0.006050180 0.115421392 0.002208895 -0.006040856 0.999979317 16.033222198
0.999987006 0.004615180 -0.002171167 -0.039263893 -0.004600051 0.999965489 0.006922046 0.122530691 0.002203039 -0.006911969 0.999973714 17.151857376
0.999989033 0.003561067 -0.003040297 -0.032285076 -0.003539379 0.999968469 0.007109285 0.137977779 0.003065518 -0.007098447 0.999970078 18.257417679
0.999995708 0.001152085 -0.002688556 -0.039971620 -0.001130421 0.999966979 0.008045539 0.140456870 0.002697737 -0.008042466 0.999963999 19.368211746
0.999993682 0.002020551 -0.002934704 -0.043529741 -0.001999155 0.999971509 0.007275202 0.151037902 0.002949321 -0.007269288 0.999969244 20.475200653
0.999989867 0.002803308 -0.003524871 -0.040954214 -0.002788579 0.999987364 0.004176436 0.160117283 0.003536534 -0.004166564 0.999985039 21.583589554
0.999990940 0.001988143 -0.003765444 -0.052689079 -0.001979209 0.999995232 0.002374961 0.163048059 0.003770147 -0.002367486 0.999990106 22.678024292
0.999984384 0.004214142 -0.003666781 -0.061497115 -0.004198028 0.999981523 0.004391213 0.167756543 0.003685219 -0.004375751 0.999983609 23.775400162
0.999969661 0.006942387 -0.003539148 -0.077470645 -0.006920215 0.999956608 0.006238944 0.170063317 0.003582307 -0.006214263 0.999974251 24.883733749
0.999955058 0.008806642 -0.003511158 -0.073152587 -0.008782980 0.999938965 0.006698528 0.184799641 0.003569935 -0.006667389 0.999971390 25.978471756
0.999936879 0.010642648 -0.003597999 -0.078443460 -0.010616216 0.999917090 0.007287410 0.194778472 0.003675258 -0.007248752 0.999966979 27.079380035
0.999904990 0.013339150 -0.003481139 -0.115878932 -0.013315958 0.999889553 0.006602450 0.196863264 0.003568825 -0.006555468 0.999972165 28.179302216
0.999865532 0.015786782 -0.004442922 -0.124798968 -0.015768869 0.999867499 0.004038521 0.207232416 0.004506089 -0.003967918 0.999981999 29.269901276
0.999817669 0.018426111 -0.005004799 -0.141069114 -0.018410914 0.999825776 0.003065568 0.215534359 0.005060413 -0.002972867 0.999982774 30.361259460
0.999756694 0.021474013 -0.005043861 -0.160487011 -0.021448277 0.999756932 0.005102121 0.224003091 0.005152198 -0.004992697 0.999974251 31.467872620
0.999723017 0.022783168 -0.005897271 -0.168590009 -0.022740025 0.999714911 0.007282249 0.228450105 0.006061503 -0.007146128 0.999956071 32.568737030
0.999664307 0.025005754 -0.006778792 -0.180108815 -0.024957100 0.999662817 0.007169615 0.242473483 0.006955788 -0.006998029 0.999951303 33.666763306
0.999663711 0.024812333 -0.007534312 -0.191377074 -0.024766074 0.999674201 0.006172064 0.260061055 0.007685001 -0.005983394 0.999952555 34.763950348
0.999642968 0.025203710 -0.008869695 -0.205663726 -0.025150213 0.999665141 0.006092085 0.263323247 0.009020267 -0.005866835 0.999942124 35.891704559
0.999639928 0.024788614 -0.010273085 -0.210476980 -0.024718961 0.999670923 0.006852721 0.276037931 0.010439574 -0.006596314 0.999923766 37.002624512
0.999626994 0.025135122 -0.010679062 -0.234401062 -0.025061335 0.999661505 0.006987958 0.286116332 0.010851091 -0.006717720 0.999918580 38.121715546
0.999616683 0.025397444 -0.011021720 -0.243133172 -0.025319126 0.999653578 0.007188143 0.298424155 0.011200462 -0.006906327 0.999913394 39.241889954
0.999592364 0.026991976 -0.009304773 -0.265518934 -0.026919566 0.999607027 0.007821364 0.308779269 0.009512230 -0.007567696 0.999926150 40.368877411
0.999600828 0.027159998 -0.007782030 -0.271221697 -0.027087880 0.999590456 0.009227470 0.325100988 0.008029461 -0.009012989 0.999927163 41.491031647
0.999607682 0.027475577 -0.005440758 -0.280355603 -0.027423676 0.999579728 0.009394310 0.333882213 0.005696585 -0.009241419 0.999941051 42.638805389
0.999630451 0.027029159 -0.002886785 -0.282099724 -0.027004175 0.999600291 0.008369091 0.350060403 0.003111841 -0.008288043 0.999960840 43.769775391
0.999672115 0.025594456 -0.000774461 -0.281357557 -0.025587963 0.999644637 0.007473558 0.367095321 0.000965467 -0.007451291 0.999971747 44.898086548
0.999689102 0.024855725 0.001979323 -0.283143878 -0.024870854 0.999658465 0.008024989 0.380617023 -0.001779180 -0.008071721 0.999965847 46.043579102
0.999733567 0.022724550 0.004050110 -0.275306880 -0.022759346 0.999702573 0.008762834 0.396747053 -0.003849774 -0.008852677 0.999953389 47.206035614
0.999750078 0.021353789 0.006615869 -0.270987660 -0.021411713 0.999731898 0.008811812 0.415902525 -0.006425930 -0.008951267 0.999939263 48.364433289
0.999716461 0.022202672 0.008603629 -0.267899960 -0.022270417 0.999721110 0.007859897 0.424848586 -0.008426717 -0.008049275 0.999932110 49.532363892
0.999739587 0.020136407 0.010734847 -0.260807455 -0.020214668 0.999769509 0.007232256 0.436572045 -0.010586740 -0.007447374 0.999916196 50.694782257
0.999746621 0.019187590 0.011771708 -0.241183192 -0.019271394 0.999789476 0.007047317 0.454731911 -0.011634008 -0.007272389 0.999905884 51.884578705
0.999792039 0.015080285 0.013727987 -0.222995803 -0.015191851 0.999852121 0.008059190 0.467681378 -0.013604422 -0.008266067 0.999873281 53.053413391
0.999804974 0.013468411 0.014445247 -0.216329291 -0.013572386 0.999882519 0.007124120 0.477437228 -0.014347600 -0.007318787 0.999870300 54.239517212
0.999808431 0.012562572 0.015009245 -0.197645783 -0.012597824 0.999918103 0.002256508 0.490973711 -0.014979668 -0.002445159 0.999884784 55.413200378
0.999805987 0.012476300 0.015242245 -0.178477541 -0.012467394 0.999922037 -0.000679170 0.491165787 -0.015249531 0.000489007 0.999883592 56.598510742
0.999761999 0.014512374 0.016290909 -0.162564650 -0.014527634 0.999894142 0.000818725 0.502859354 -0.016277302 -0.001055199 0.999866962 57.787223816
0.999705613 0.016271470 0.017998733 -0.165363461 -0.016350575 0.999857247 0.004256604 0.500565410 -0.017926902 -0.004549640 0.999828935 58.973567963
0.999733269 0.015149009 0.017432345 -0.138692245 -0.015230667 0.999873579 0.004561064 0.511487305 -0.017361045 -0.004825354 0.999837637 60.139129639
0.999760687 0.013711229 0.017046893 -0.110690907 -0.013777182 0.999898016 0.003757576 0.527572632 -0.016993634 -0.003991535 0.999847651 61.321872711
0.999803543 0.011303098 0.016283510 -0.094931066 -0.011358428 0.999930024 0.003309416 0.532886565 -0.016244963 -0.003493721 0.999861956 62.509014130
0.999829173 0.010545424 0.015180962 -0.078348845 -0.010614689 0.999933600 0.004489262 0.528721988 -0.015132613 -0.004649636 0.999874711 63.698146820
0.999864399 0.009034496 0.013767505 -0.061364889 -0.009100964 0.999947190 0.004772934 0.544997215 -0.013723657 -0.004897584 0.999893844 64.895217896
0.999869466 0.011023440 0.011814232 -0.050499156 -0.011079506 0.999927640 0.004690651 0.549084425 -0.011761670 -0.004820934 0.999919236 66.093093872
0.999882162 0.011505210 0.010163399 -0.044051725 -0.011546329 0.999925375 0.003996351 0.557072222 -0.010116662 -0.004113230 0.999940336 67.276466370
0.999888718 0.012282601 0.008466084 -0.025792472 -0.012325375 0.999911427 0.005018997 0.569734454 -0.008403689 -0.005122787 0.999951541 68.453765869
0.999841332 0.016448783 0.006834861 -0.028763711 -0.016497804 0.999838114 0.007178850 0.587811589 -0.006715671 -0.007290471 0.999950886 69.671592712
0.999807000 0.019024592 0.004906757 -0.024560895 -0.019058162 0.999794662 0.006888326 0.604488254 -0.004774702 -0.006980510 0.999964237 70.860786438
0.999770582 0.021362271 0.001563714 0.011927949 -0.021369806 0.999759257 0.004971986 0.621474802 -0.001457124 -0.005004261 0.999986410 72.100997925
0.999725938 0.023389500 -0.000959739 0.025488604 -0.023386531 0.999722004 0.002996842 0.648394704 0.001029566 -0.002973576 0.999995053 73.314544678
0.999693751 0.024403322 -0.004106777 0.060457014 -0.024393251 0.999699354 0.002485057 0.655593455 0.004166186 -0.002384119 0.999988496 74.566116333
0.999632657 0.026518056 -0.005597377 0.037538730 -0.026510525 0.999647558 0.001415395 0.664219677 0.005632937 -0.001266485 0.999983311 75.744392395
0.999619842 0.026326340 -0.008193655 0.050622553 -0.026327074 0.999653399 0.000018285 0.682512403 0.008191296 0.000197437 0.999966443 76.939483643
0.999579251 0.027485447 -0.009265065 0.023128139 -0.027469967 0.999621034 0.001794198 0.676162302 0.009310869 -0.001538932 0.999955475 78.134819031
0.999557614 0.027566446 -0.011165062 0.021203054 -0.027525304 0.999613822 0.003821938 0.685286164 0.011266108 -0.003512925 0.999930382 79.325325012
0.999537230 0.027739592 -0.012481933 -0.008153360 -0.027678525 0.999604166 0.005038833 0.691687822 0.012616768 -0.004691020 0.999909401 80.518447876
0.999504507 0.028070029 -0.014241089 -0.019350640 -0.027997725 0.999594212 0.005251508 0.703530312 0.014382720 -0.004850188 0.999884784 81.711242676
0.999489248 0.027528981 -0.016229723 -0.028399877 -0.027450096 0.999610364 0.005063476 0.716492116 0.016362792 -0.004615383 0.999855459 82.917625427
0.999459684 0.027464205 -0.018055933 -0.043254465 -0.027351003 0.999604821 0.006486899 0.728404999 0.018226955 -0.005989546 0.999815941 84.115379333
0.999456406 0.026248271 -0.019948287 -0.061202671 -0.026073853 0.999619901 0.008953961 0.737745643 0.020175731 -0.008428965 0.999760926 85.324401855
0.999476135 0.024388585 -0.021274498 -0.095412135 -0.024177622 0.999656498 0.010117738 0.757445574 0.021513948 -0.009598071 0.999722481 86.515602112
0.999476314 0.022597475 -0.023162274 -0.118504070 -0.022341121 0.999686897 0.011267415 0.772453308 0.023409637 -0.010744044 0.999668241 87.705696106
0.999430597 0.022588519 -0.025065189 -0.159281254 -0.022335317 0.999697089 0.010336232 0.794996440 0.025291078 -0.009770508 0.999632359 88.913604736
0.999370515 0.022917980 -0.027079212 -0.192666337 -0.022673020 0.999699473 0.009318732 0.803661823 0.027284641 -0.008698898 0.999589860 90.118003845
0.999305785 0.022694552 -0.029545778 -0.219715282 -0.022455854 0.999712646 0.008385857 0.828416467 0.029727602 -0.007716560 0.999528229 91.324005127
0.999212563 0.023410356 -0.032034591 -0.241157189 -0.023123328 0.999689341 0.009301354 0.840069890 0.032242388 -0.008553283 0.999443471 92.528076172
0.999179661 0.025291100 -0.031628173 -0.313180834 -0.025030253 0.999649584 0.008616279 0.846821368 0.031835005 -0.007817550 0.999462545 93.760269165
0.999191344 0.024023343 -0.032242656 -0.348034501 -0.023759078 0.999681115 0.008554399 0.861553192 0.032437876 -0.007781426 0.999443471 94.961349487
0.999212027 0.022897314 -0.032419387 -0.386715502 -0.022611722 0.999702454 0.009148769 0.878003776 0.032619223 -0.008408502 0.999432504 96.164260864
0.999278963 0.019379251 -0.032648869 -0.414516300 -0.019056570 0.999766707 0.010165714 0.889717638 0.032838255 -0.009536209 0.999415159 97.352447510
0.999329269 0.017807499 -0.031998172 -0.459908247 -0.017492285 0.999795914 0.010104079 0.899593353 0.032171573 -0.009537581 0.999436855 98.571128845
0.999404371 0.015628686 -0.030767009 -0.491963536 -0.015324192 0.999831498 0.010107833 0.917683303 0.030919796 -0.009630333 0.999475479 99.761749268
0.999483049 0.013721294 -0.029074449 -0.525326848 -0.013413951 0.999852359 0.010739719 0.928846180 0.029217519 -0.010344164 0.999519527 100.978721619
0.999536037 0.013849021 -0.027127635 -0.551007032 -0.013586479 0.999859273 0.009838527 0.944437802 0.027260071 -0.009465394 0.999583542 102.165878296
0.999626338 0.011913992 -0.024601884 -0.585753202 -0.011721341 0.999899626 0.007960188 0.957239926 0.024694253 -0.007668847 0.999665618 103.367820740
0.999687433 0.011171132 -0.022365691 -0.610823691 -0.011042290 0.999921739 0.005875912 0.968061566 0.022429582 -0.005627107 0.999732614 104.550933838
0.999728680 0.012119413 -0.019890634 -0.634517729 -0.012070532 0.999923825 0.002575728 0.973057747 0.019920334 -0.002334938 0.999798834 105.738769531
0.999776304 0.011642782 -0.017657131 -0.650263608 -0.011618205 0.999931395 0.001493844 0.979438126 0.017673314 -0.001288366 0.999843001 106.913070679
0.999809682 0.012225440 -0.015204671 -0.680413127 -0.012173410 0.999919713 0.003509828 0.979357183 0.015246361 -0.003324067 0.999878228 108.111557007
0.999819398 0.013259150 -0.013615106 -0.691175997 -0.013171611 0.999892116 0.006499138 0.983191729 0.013699810 -0.006318632 0.999886215 109.275001526
0.999841273 0.013150146 -0.012021052 -0.713821054 -0.013074372 0.999894321 0.006360457 0.996952415 0.012103423 -0.006202280 0.999907494 110.471427917
0.999861419 0.012074093 -0.011459918 -0.721920550 -0.012006536 0.999910235 0.005945718 1.006743431 0.011530679 -0.005807300 0.999916673 111.642204285
0.999878883 0.010758044 -0.011249043 -0.739214420 -0.010701745 0.999929965 0.005053088 1.017575264 0.011302616 -0.004932091 0.999923944 112.835487366
0.999872625 0.010487024 -0.012033876 -0.751045704 -0.010422659 0.999931097 0.005398934 1.024597168 0.012089666 -0.005272821 0.999913037 114.011947632
0.999861598 0.010975795 -0.012504599 -0.778787792 -0.010904036 0.999923766 0.005792376 1.032709718 0.012567222 -0.005655224 0.999905050 115.202934265
0.999825120 0.012833794 -0.013602950 -0.794661641 -0.012752753 0.999900520 0.006027641 1.040874839 0.013678954 -0.005853111 0.999889314 116.386398315
0.999808431 0.013499302 -0.014171295 -0.814447105 -0.013418102 0.999893069 0.005809438 1.052445889 0.014248203 -0.005618173 0.999882698 117.567741394
0.999743402 0.017448181 -0.014447284 -0.848699510 -0.017369851 0.999833822 0.005529665 1.055168629 0.014541366 -0.005277298 0.999880314 118.770957947
0.999712169 0.018426582 -0.015361839 -0.864706159 -0.018344695 0.999816835 0.005454555 1.064147592 0.015459534 -0.005171177 0.999867141 119.953964233
0.999648392 0.020960195 -0.016241975 -0.893296897 -0.020875184 0.999767601 0.005386017 1.073713422 0.016351091 -0.005045069 0.999853611 121.150123596
0.999596477 0.022768535 -0.016983297 -0.915266812 -0.022676442 0.999727190 0.005595632 1.096096516 0.017106067 -0.005208254 0.999840140 122.331459045
0.999524415 0.025240000 -0.017717723 -0.932303131 -0.025135040 0.999665320 0.006122019 1.104915857 0.017866312 -0.005673772 0.999824286 123.501678467
0.999486148 0.026904264 -0.017424544 -0.966070414 -0.026811501 0.999625206 0.005535704 1.112477541 0.017566947 -0.005065681 0.999832869 124.685112000
0.999377608 0.030049335 -0.018476620 -0.977251649 -0.029967584 0.999539912 0.004685754 1.124752283 0.018608922 -0.004129138 0.999818325 125.860832214
0.999334991 0.031629235 -0.018142547 -1.012361407 -0.031569894 0.999495268 0.003547974 1.132173538 0.018245609 -0.002972857 0.999829113 127.023162842
0.999310851 0.032315016 -0.018263673 -1.031421304 -0.032268971 0.999475241 0.002810293 1.141105175 0.018344905 -0.002219006 0.999829233 128.186676025
0.999282122 0.032906689 -0.018770704 -1.047822595 -0.032840949 0.999453366 0.003799991 1.139301896 0.018885490 -0.003180815 0.999816597 129.346221924
0.999234021 0.034440596 -0.018579429 -1.082131028 -0.034343243 0.999394774 0.005533816 1.142211437 0.018758772 -0.004891499 0.999812067 130.505920410
0.999224126 0.034683589 -0.018661324 -1.095605969 -0.034566600 0.999380887 0.006555632 1.149167299 0.018877143 -0.005905487 0.999804378 131.645965576
0.999153376 0.037171710 -0.017629657 -1.139266610 -0.037065975 0.999293029 0.006286983 1.145115852 0.017850891 -0.005628200 0.999824822 132.823944092
0.999112904 0.038669962 -0.016672861 -1.171259403 -0.038587768 0.999241531 0.005223907 1.157992840 0.016862225 -0.004575904 0.999847353 133.954605103
0.999103129 0.038939845 -0.016632490 -1.186938882 -0.038830530 0.999222338 0.006845640 1.158591032 0.016886124 -0.006193652 0.999838233 135.091705322
0.999127090 0.038321659 -0.016627222 -1.198829174 -0.038194135 0.999238968 0.007920654 1.168240309 0.016918100 -0.007278678 0.999830365 136.214370728
0.999178648 0.037599560 -0.015109705 -1.225902200 -0.037448004 0.999246597 0.010191444 1.181065798 0.015481515 -0.009617245 0.999833882 137.334243774
0.999267042 0.034814533 -0.015915206 -1.224737406 -0.034618262 0.999323130 0.012445800 1.193671584 0.016337726 -0.011885721 0.999795854 138.464553833
0.999311745 0.034221500 -0.014313754 -1.261817813 -0.034043800 0.999342442 0.012479367 1.198599815 0.014731404 -0.011983483 0.999819696 139.586959839
0.999346912 0.033099554 -0.014499187 -1.268990517 -0.032950185 0.999402642 0.010422539 1.219129801 0.014835507 -0.009937981 0.999840558 140.682067871
0.999408066 0.031340066 -0.014187576 -1.281792283 -0.031197542 0.999461591 0.010157908 1.232993007 0.014498288 -0.009709278 0.999847770 141.788009644
0.999464691 0.029922182 -0.013229694 -1.302265406 -0.029766686 0.999487221 0.011798202 1.246325254 0.013575939 -0.011398082 0.999842882 142.886383057
0.999472737 0.029811386 -0.012864180 -1.320377588 -0.029636756 0.999468744 0.013558526 1.261841774 0.013261545 -0.013170125 0.999825299 143.992980957
0.999528289 0.027397772 -0.013878092 -1.322152972 -0.027203823 0.999532223 0.013976331 1.276622057 0.014254521 -0.013592200 0.999805987 145.087982178
0.999530673 0.027222725 -0.014049191 -1.339757085 -0.027045196 0.999553859 0.012675258 1.295211673 0.014387978 -0.012289346 0.999820948 146.164916992
0.999555588 0.026575167 -0.013503036 -1.367096782 -0.026384218 0.999552011 0.014127860 1.300969243 0.013872437 -0.013765315 0.999809027 147.239578247
0.999587297 0.025228772 -0.013738982 -1.374368668 -0.025021441 0.999573469 0.015059134 1.317790747 0.014113045 -0.014709149 0.999792218 148.311843872
0.999578476 0.026031084 -0.012856690 -1.401013494 -0.025814274 0.999526381 0.016751174 1.330840349 0.013286652 -0.016412226 0.999777019 149.375595093
0.999624014 0.024282539 -0.012736124 -1.407017112 -0.024065476 0.999567032 0.016928215 1.348602057 0.013141670 -0.016615350 0.999775589 150.443695068
0.999681175 0.022281270 -0.011876013 -1.431206226 -0.022090353 0.999628365 0.015971681 1.365224719 0.012227469 -0.015704244 0.999801934 151.503509521
0.999766529 0.018439252 -0.011263801 -1.438501835 -0.018293468 0.999749303 0.012911539 1.381981134 0.011499056 -0.012702471 0.999853194 152.559280396
0.999785304 0.017643122 -0.010863545 -1.452023149 -0.017538195 0.999799371 0.009679216 1.391356111 0.011032137 -0.009486611 0.999894142 153.617675781
0.999845803 0.013864817 -0.010774950 -1.454697728 -0.013796887 0.999884605 0.006353406 1.396619201 0.010861796 -0.006203766 0.999921739 154.691436768
0.999844372 0.014001382 -0.010735168 -1.457882166 -0.013955680 0.999893308 0.004320339 1.401781082 0.010794513 -0.004169851 0.999933064 155.738845825
0.999854505 0.013964370 -0.009794177 -1.479273438 -0.013934065 0.999897957 0.003155656 1.412616968 0.009837245 -0.003018724 0.999947071 156.786926270
0.999827445 0.015842576 -0.009697647 -1.482447982 -0.015795507 0.999863207 0.004911080 1.422315240 0.009774124 -0.004757054 0.999940932 157.822494507
0.999823391 0.016904986 -0.008213774 -1.496190310 -0.016841210 0.999827981 0.007772516 1.426963091 0.008343755 -0.007632813 0.999936044 158.846389771
0.999771416 0.020095276 -0.007299498 -1.501075983 -0.020026337 0.999755263 0.009397454 1.432136178 0.007486556 -0.009249124 0.999929190 159.869354248
0.999759614 0.021441078 -0.004587110 -1.523168802 -0.021404292 0.999739528 0.007923605 1.438404799 0.004755806 -0.007823517 0.999958098 160.868179321
0.999699414 0.024302272 -0.003230444 -1.540426612 -0.024282435 0.999686837 0.006044222 1.443950653 0.003376320 -0.005963962 0.999976516 161.879089355
0.999708772 0.024090661 -0.001429350 -1.538764715 -0.024084553 0.999701321 0.004146518 1.452483416 0.001528816 -0.004110885 0.999990404 162.873565674
0.999689221 0.024925604 0.000454463 -1.542575002 -0.024927108 0.999682546 0.003669138 1.455578208 -0.000362864 -0.003679326 0.999993145 163.865875244
0.999636471 0.026836909 0.002598178 -1.556962609 -0.026848676 0.999628901 0.004605153 1.444991469 -0.002473626 -0.004673236 0.999985993 164.829177856
0.999666810 0.025405353 0.004565688 -1.550336599 -0.025437642 0.999650776 0.007158904 1.446851134 -0.004382219 -0.007272659 0.999963939 165.782287598
0.999686897 0.024208160 0.006334244 -1.544020295 -0.024269419 0.999657631 0.009779759 1.449323654 -0.006095325 -0.009930424 0.999932110 166.725158691
0.999691904 0.023286987 0.008592015 -1.540761590 -0.023388106 0.999656081 0.011862302 1.452787995 -0.008312823 -0.012059598 0.999892712 167.660995483
0.999689221 0.022606805 0.010509596 -1.526855230 -0.022735381 0.999666095 0.012280129 1.460501552 -0.010228473 -0.012515252 0.999869347 168.565658569
0.999651670 0.023332220 0.012334059 -1.523117900 -0.023470996 0.999661446 0.011229027 1.463372231 -0.012067885 -0.011514609 0.999860883 169.478103638
0.999641240 0.022995953 0.013734274 -1.508414268 -0.023132551 0.999683678 0.009871257 1.470771670 -0.013502929 -0.010185423 0.999856949 170.358718872
0.999617577 0.023042578 0.015289224 -1.497031331 -0.023175733 0.999694526 0.008589800 1.473809361 -0.015086622 -0.008940854 0.999846220 171.225677490
0.999549925 0.024516108 0.017288128 -1.499162436 -0.024663284 0.999660909 0.008351952 1.473117709 -0.017077509 -0.008774575 0.999815643 172.107101440
0.999526203 0.024419768 0.018737476 -1.481213570 -0.024585754 0.999660015 0.008679778 1.475485563 -0.018519148 -0.009136341 0.999786735 172.939880371
0.999529123 0.023411889 0.019833924 -1.470001340 -0.023612874 0.999671578 0.009960543 1.478798151 -0.019594215 -0.010424189 0.999753654 173.776535034
0.999558389 0.021097673 0.020926518 -1.454300880 -0.021329219 0.999713063 0.010903847 1.482648969 -0.020690467 -0.011345378 0.999721527 174.568817139
0.999531150 0.021446498 0.021852560 -1.436759233 -0.021694480 0.999702215 0.011174738 1.485225677 -0.021606393 -0.011643579 0.999698758 175.366470337
0.999501705 0.021671383 0.022949131 -1.422448993 -0.021887004 0.999718249 0.009186465 1.489690781 -0.022743581 -0.009684175 0.999694407 176.120712280
0.999475002 0.022096010 0.023695746 -1.411509752 -0.022279916 0.999723434 0.007525434 1.496340752 -0.023522912 -0.008049423 0.999690890 176.884429932
0.999495387 0.019950649 0.024716530 -1.390948653 -0.020107033 0.999779284 0.006094772 1.500410318 -0.024589481 -0.006588673 0.999675930 177.592575073
0.999472141 0.019792695 0.025761962 -1.376460433 -0.019978173 0.999776185 0.006962317 1.503567696 -0.025618393 -0.007473318 0.999643862 178.336746216
0.999417901 0.020636829 0.027165789 -1.360544920 -0.020849243 0.999754071 0.007559290 1.507750034 -0.027003108 -0.008121275 0.999602377 179.027572632
0.999362290 0.021091172 0.028812362 -1.343814135 -0.021349557 0.999734282 0.008689768 1.510177612 -0.028621430 -0.009299357 0.999547064 179.695892334
0.999320686 0.020897970 0.030354517 -1.323574662 -0.021173138 0.999737322 0.008772181 1.513925672 -0.030163223 -0.009408923 0.999500692 180.344467163
0.999237478 0.021535661 0.032567598 -1.303794861 -0.021797692 0.999732673 0.007712224 1.514139891 -0.032392804 -0.008416242 0.999439776 180.980072021
0.999132991 0.021830019 0.035450906 -1.282086730 -0.022033582 0.999742866 0.005361549 1.521146297 -0.035324745 -0.006138011 0.999357045 181.597915649
0.999060512 0.020414764 0.038227871 -1.258025527 -0.020567134 0.999782026 0.003596746 1.523416400 -0.038146112 -0.004379605 0.999262571 182.191467285
0.998957753 0.019491935 0.041272923 -1.231922746 -0.019665217 0.999799430 0.003796556 1.524557233 -0.041190643 -0.004604240 0.999140680 182.770538330
0.998828471 0.019201171 0.044419121 -1.202232003 -0.019403512 0.999803185 0.004128569 1.531708717 -0.044331107 -0.004985619 0.999004424 183.326034546
0.998650670 0.020939164 0.047522973 -1.176183462 -0.021170849 0.999766290 0.004377053 1.535331011 -0.047420215 -0.005377248 0.998860538 183.875183105
0.998492062 0.021174900 0.050648481 -1.156568408 -0.021442380 0.999758840 0.004743506 1.528918028 -0.050535824 -0.005822376 0.998705268 184.406417847
0.998360872 0.020668259 0.053369969 -1.126536250 -0.021020336 0.999760807 0.006043986 1.528658748 -0.053232282 -0.007155934 0.998556495 184.911666870
0.998206973 0.020954272 0.056069124 -1.095234275 -0.021330275 0.999753773 0.006115982 1.533191919 -0.055927161 -0.007300986 0.998408139 185.408172607
0.998064160 0.019275624 0.059129987 -1.064794540 -0.019685009 0.999786079 0.006348758 1.530701518 -0.058994964 -0.007500443 0.998230100 185.911437988
0.997957170 0.018394649 0.061181389 -1.033709645 -0.018884230 0.999794066 0.007433502 1.536677122 -0.061032053 -0.008573679 0.998098969 186.376022339
0.997854233 0.020458031 0.062196285 -1.003819108 -0.020944344 0.999754906 0.007177052 1.535154104 -0.062034212 -0.008464312 0.998038113 186.826187134
0.997727990 0.023036921 0.063310020 -0.984062552 -0.023444330 0.999708891 0.005699714 1.534373641 -0.063160285 -0.007171025 0.997977614 187.264343262
0.997685432 0.024234604 0.063533135 -0.971583843 -0.024614947 0.999683440 0.005210542 1.532527328 -0.063386746 -0.006762346 0.997966111 187.700714111
0.997752249 0.024721624 0.062284138 -0.945242047 -0.025125589 0.999668002 0.005710887 1.537086368 -0.062122278 -0.007262976 0.998042107 188.092758179
0.997897327 0.024760105 0.059898652 -0.921461105 -0.025158057 0.999666095 0.005898629 1.541864038 -0.059732601 -0.007393160 0.998187065 188.478363037
0.998029053 0.025781590 0.057213049 -0.907485127 -0.026152655 0.999641418 0.005746291 1.540577888 -0.057044387 -0.007231239 0.998345435 188.847503662
0.998154402 0.027607802 0.054089256 -0.902779281 -0.027939919 0.999595046 0.005393501 1.544420004 -0.053918451 -0.006894796 0.998521566 189.195220947
0.998328924 0.029923692 0.049436711 -0.895561039 -0.030334340 0.999511063 0.007577073 1.541496754 -0.049185809 -0.009064041 0.998748541 189.517990112
0.998538971 0.032190293 0.043402385 -0.887164354 -0.032624830 0.999424040 0.009340764 1.544952393 -0.043076701 -0.010743112 0.999014020 189.828247070
0.998760939 0.033550777 0.036754686 -0.888659954 -0.033947058 0.999371469 0.010211166 1.546500087 -0.036388990 -0.011446227 0.999272168 190.116851807
0.998976469 0.034934394 0.028733654 -0.890446305 -0.035256870 0.999319971 0.010793860 1.545323133 -0.028337037 -0.011795871 0.999528825 190.377502441
0.999158144 0.035910461 0.019834530 -0.895107269 -0.036134344 0.999285877 0.011046816 1.547231913 -0.019423669 -0.011754224 0.999742270 190.626876831
0.999254644 0.037134241 0.010547120 -0.907467902 -0.037253674 0.999241233 0.011362150 1.547972918 -0.010117193 -0.011746600 0.999879837 190.850387573
0.999250293 0.038706165 0.000822929 -0.926394582 -0.038713187 0.999180675 0.011802278 1.547231555 -0.000365434 -0.011825288 0.999930024 191.070968628
0.999158382 0.040092930 -0.008663048 -0.943440020 -0.039987937 0.999128461 0.011970760 1.551614881 0.009135441 -0.011614269 0.999890804 191.232070923
0.998982966 0.041285109 -0.018125976 -0.958793759 -0.041057557 0.999075413 0.012751813 1.552698255 0.018635677 -0.011994636 0.999754369 191.404022217
0.998699725 0.042950619 -0.027461013 -0.978512108 -0.042590845 0.999000669 0.013554853 1.556847453 0.028015759 -0.012367641 0.999530971 191.565780640
0.998305619 0.043964375 -0.038118854 -0.994080901 -0.043500226 0.998969853 0.012921900 1.560109615 0.038647689 -0.011241826 0.999189675 191.710693359
0.997719705 0.045633528 -0.049729031 -1.013711810 -0.045119360 0.998916388 0.011413946 1.560727119 0.050196003 -0.009144177 0.998697519 191.853622437
0.997042656 0.046137117 -0.061459843 -1.039217472 -0.045545336 0.998901725 0.010995868 1.562880516 0.061899666 -0.008164139 0.998048961 191.995910645
0.996096075 0.046652716 -0.074940607 -1.053272009 -0.045877174 0.998874545 0.012038034 1.565715194 0.075417869 -0.008552977 0.997115314 192.138427734
0.994988501 0.047104556 -0.088198930 -1.075661421 -0.046054445 0.998842180 0.013904645 1.566104531 0.088751785 -0.009773009 0.996005833 192.279998779
0.993702114 0.048099291 -0.101205617 -1.107582688 -0.046792492 0.998788238 0.015248232 1.570692778 0.101816408 -0.010416538 0.994748652 192.425399780
0.992116332 0.049034487 -0.115328982 -1.137287378 -0.047436308 0.998736918 0.016563194 1.572583437 0.115995482 -0.010961835 0.993189275 192.565673828
0.990326285 0.049797885 -0.129514620 -1.176270127 -0.047861312 0.998691380 0.018024242 1.571688652 0.130242705 -0.011651141 0.991413713 192.696334839
0.988266587 0.049822055 -0.144384518 -1.212335348 -0.047649320 0.998693347 0.018469594 1.578294516 0.145116061 -0.011373059 0.989349246 192.840652466
0.985719144 0.049654223 -0.160910502 -1.243990779 -0.047401436 0.998717129 0.017811259 1.589927197 0.161588475 -0.009929514 0.986808300 192.989730835
0.982658565 0.048736732 -0.178904593 -1.287258625 -0.046449050 0.998776734 0.016956273 1.589952946 0.179512143 -0.008352280 0.983720303 193.119689941
0.978876054 0.048300963 -0.198667154 -1.342848539 -0.046055514 0.998812139 0.015910776 1.587766409 0.199199677 -0.006424961 0.979937851 193.271881104
0.974082410 0.047586661 -0.221131191 -1.402950168 -0.045279212 0.998854220 0.015495118 1.596121907 0.221615180 -0.005080875 0.975120962 193.455032349
0.968186259 0.046924010 -0.245791554 -1.477571964 -0.044185545 0.998884618 0.016647585 1.602948666 0.246298581 -0.005257528 0.969179749 193.660247803
0.961012661 0.046901286 -0.272497505 -1.565178156 -0.043562599 0.998883188 0.018292632 1.611994743 0.273051143 -0.005708753 0.961982608 193.871093750
0.952218831 0.047601815 -0.301684171 -1.668931127 -0.043708082 0.998851120 0.019647924 1.625359178 0.302272856 -0.005523089 0.953205466 194.098068237
0.941719353 0.047757220 -0.332992375 -1.789419055 -0.042918362 0.998839021 0.021876551 1.633256555 0.333650559 -0.006310086 0.942675710 194.337478638
0.929296672 0.047065340 -0.366323054 -1.912516594 -0.041042615 0.998863876 0.024216615 1.645854473 0.367046624 -0.007469566 0.930172563 194.595428467
0.915261745 0.046044040 -0.400219828 -2.050557613 -0.038569566 0.998898745 0.026715526 1.655887127 0.401009172 -0.009015393 0.916029692 194.838073730
0.899022579 0.044545460 -0.435630739 -2.203222752 -0.035562862 0.998953640 0.028756086 1.672848701 0.436455846 -0.010360095 0.899666011 195.092651367
0.880502105 0.044225175 -0.471974790 -2.389616966 -0.033872083 0.998963296 0.030414520 1.688950300 0.472830594 -0.010793278 0.881087244 195.361557007
0.859328628 0.044552568 -0.509479523 -2.587903023 -0.032378200 0.998939216 0.032742810 1.708736181 0.510397851 -0.011640805 0.859859586 195.646087646
0.835832477 0.045418847 -0.547102571 -2.798651695 -0.030956265 0.998885453 0.035631299 1.726276517 0.548111141 -0.012845547 0.836306870 195.920196533
0.810226560 0.046161085 -0.584296227 -3.044683456 -0.029525409 0.998842597 0.037969425 1.746286392 0.585372686 -0.013512256 0.810651779 196.202484131
0.782458365 0.048149049 -0.620838642 -3.297473907 -0.028877491 0.998739183 0.041062053 1.755690575 0.622033000 -0.014201087 0.782862246 196.473052979
0.753418207 0.050571870 -0.655593991 -3.581216812 -0.029437037 0.998632491 0.043204043 1.775866389 0.656882405 -0.013251968 0.753876567 196.740631104
0.722927570 0.051330935 -0.689014435 -3.889392853 -0.028666129 0.998606086 0.044318162 1.803766966 0.690328956 -0.012287451 0.723391354 197.016448975
0.691841364 0.050982755 -0.720247447 -4.213710785 -0.025784522 0.998612344 0.045919236 1.828821898 0.721589088 -0.013197593 0.692195892 197.296234131
0.661071897 0.051259108 -0.748569608 -4.566604614 -0.022382360 0.998566926 0.048611782 1.861865520 0.749988675 -0.015381131 0.661271811 197.568801880
0.629749417 0.052143063 -0.775046289 -4.932762146 -0.017815605 0.998451591 0.052697442 1.888415813 0.776593983 -0.019378269 0.629703283 197.835571289
0.598079026 0.053182140 -0.799670696 -5.335186005 -0.013635059 0.998326659 0.056196019 1.923871517 0.801321208 -0.022706108 0.597803354 198.109161377
0.565334439 0.055060867 -0.823022068 -5.769279480 -0.010837745 0.998179317 0.059334587 1.956737757 0.824790597 -0.024624186 0.564901948 198.375946045
0.530974388 0.054835454 -0.845611751 -6.232597351 -0.004411276 0.998069406 0.061951965 1.995732069 0.847376406 -0.029164685 0.530191183 198.644226074
0.494361579 0.057477251 -0.867354095 -6.708297729 0.000167235 0.997805238 0.066217229 2.035645485 0.869256377 -0.032880310 0.493266940 198.888107300
0.456716657 0.058922611 -0.887658715 -7.210212708 0.006851173 0.997541547 0.069741666 2.075391769 0.889585793 -0.037933685 0.455190182 199.126907349
0.419282734 0.059585441 -0.905898273 -7.733108521 0.010425234 0.997462034 0.070433229 2.121117592 0.907795906 -0.038975641 0.417597413 199.339004517
0.382137477 0.059822232 -0.922167182 -8.273811340 0.010511043 0.997556567 0.069068521 2.162089348 0.924045742 -0.036086615 0.380574942 199.530731201
0.347242594 0.058516935 -0.935947955 -8.836387634 0.012079113 0.997689366 0.066858537 2.208497047 0.937697649 -0.034521557 0.345733404 199.711868286
0.315660596 0.055546567 -0.947244942 -9.415916443 0.016576953 0.997809887 0.064035818 2.257390976 0.948727369 -0.035916019 0.314048469 199.885498047
0.287150323 0.051414538 -0.956504762 -10.021163940 0.019975135 0.998019934 0.059642784 2.304153442 0.957677305 -0.036232758 0.285554707 200.048461914
0.260316610 0.049836960 -0.964236379 -10.634002686 0.021071058 0.998135924 0.057277676 2.347254753 0.965293467 -0.035227817 0.258781254 200.194290161
0.234065592 0.049379114 -0.970966041 -11.294128418 0.020404827 0.998239875 0.055685028 2.395091057 0.972006679 -0.032846343 0.232646048 200.334381104
0.208163142 0.048754018 -0.976878345 -11.951385498 0.021943802 0.998272717 0.054497790 2.438636780 0.977847993 -0.032780863 0.206733763 200.458526611
0.181612313 0.050034259 -0.982096493 -12.640716553 0.022975070 0.998216271 0.055104122 2.483858585 0.983101785 -0.032571323 0.180138826 200.566772461
0.156096220 0.051967822 -0.986373782 -13.341278076 0.025115678 0.998083293 0.056559365 2.528301239 0.987422466 -0.033602152 0.154491842 200.664489746
0.132785201 0.054653786 -0.989636898 -14.063781738 0.023014106 0.998039305 0.058205757 2.572906017 0.990877688 -0.030504474 0.131267011 200.738479614
0.111885011 0.057010151 -0.992084563 -14.801666260 0.020857461 0.997998297 0.059702251 2.618959904 0.993502378 -0.027372159 0.110471964 200.808609009
0.093671024 0.058535263 -0.993881106 -15.546112061 0.019406103 0.997973144 0.060605258 2.671048641 0.995414197 -0.024964323 0.092345238 200.866897583
0.078401268 0.058777258 -0.995187640 -16.303802490 0.018599585 0.998000443 0.060408667 2.720871449 0.996748388 -0.023246195 0.077151299 200.914627075
0.066192806 0.058523264 -0.996089160 -17.111526489 0.018366542 0.998037875 0.059858266 2.776682377 0.997637808 -0.022256898 0.064988077 200.949935913
0.056735933 0.058208201 -0.996691048 -17.897094727 0.018629055 0.998063445 0.059348803 2.832324028 0.998215497 -0.021934627 0.055541694 200.991729736
0.049696147 0.058867261 -0.997028172 -18.732055664 0.018314704 0.998039961 0.059839893 2.886194706 0.998596549 -0.021234091 0.048520625 201.023254395
0.044172645 0.060064763 -0.997216582 -19.553894043 0.018925563 0.997961521 0.060947955 2.945299625 0.998844624 -0.021565115 0.042945862 201.056777954
0.039662838 0.061245978 -0.997334361 -20.387603760 0.019487679 0.997882485 0.062054642 2.997930050 0.999023080 -0.021896990 0.038385272 201.089141846
0.035737455 0.063467801 -0.997343957 -21.248153687 0.020642454 0.997721493 0.064231507 3.054931641 0.999148190 -0.022883100 0.034345865 201.108383179
0.031925142 0.066043489 -0.997305930 -22.094375610 0.022181699 0.997521937 0.066767864 3.118155479 0.999244153 -0.024253517 0.030381083 201.132247925
0.028106272 0.067410916 -0.997329354 -22.965591431 0.023525637 0.997402549 0.068078846 3.174482346 0.999328077 -0.025376247 0.026447356 201.152908325
0.025338352 0.065799311 -0.997511268 -23.818984985 0.023820894 0.997508407 0.066404223 3.238160133 0.999395192 -0.025444187 0.023707807 201.170730591
0.023407042 0.061574422 -0.997828126 -24.698379517 0.023525439 0.997791171 0.062124010 3.296400547 0.999449313 -0.024928490 0.021906793 201.189315796
0.023008287 0.056959569 -0.998111427 -25.566619873 0.022921776 0.998083115 0.057486352 3.359569550 0.999472558 -0.024201155 0.021658599 201.207931519
0.023083746 0.053695194 -0.998290658 -26.469985962 0.022740019 0.998270035 0.054219920 3.416002274 0.999475002 -0.023952750 0.021822751 201.226135254
0.023643732 0.052925747 -0.998318613 -27.366119385 0.020577347 0.998360336 0.053415310 3.472765923 0.999508798 -0.021805685 0.022515893 201.245788574
0.025339842 0.053237025 -0.998260498 -28.275360107 0.019446950 0.998365760 0.053736292 3.525779724 0.999489903 -0.020774797 0.024263144 201.266662598
0.027141333 0.056756414 -0.998019040 -29.200439453 0.017971694 0.998197794 0.057255320 3.580988884 0.999470055 -0.019490080 0.026072383 201.284484863
0.028896034 0.061480839 -0.997690022 -30.118301392 0.016875181 0.997934461 0.061984669 3.643940926 0.999440074 -0.018627318 0.027798831 201.318496704
0.030931294 0.064029299 -0.997468472 -31.053878784 0.015667388 0.997792363 0.064535931 3.701470852 0.999398649 -0.017623907 0.029859841 201.342849731
0.032947481 0.063688546 -0.997425854 -31.962402344 0.015971405 0.997806609 0.064240441 3.765959740 0.999329507 -0.018046856 0.031858027 201.375061035
0.034221470 0.062464461 -0.997460485 -32.895965576 0.016814718 0.997867644 0.063066863 3.828670025 0.999273002 -0.018930266 0.033098221 201.421081543
0.036846817 0.061662823 -0.997416675 -33.860671997 0.018651044 0.997878134 0.062380366 3.890641689 0.999146879 -0.020901384 0.035618544 201.436798096
0.038459778 0.062365133 -0.997312188 -34.799453735 0.018460978 0.997835815 0.063109808 3.958130360 0.999089718 -0.020838551 0.037225187 201.478820801
0.040354848 0.063113153 -0.997190177 -35.751861572 0.019084059 0.997772396 0.063922308 4.022135258 0.999003172 -0.021610010 0.039060533 201.521606445
0.042079449 0.062838145 -0.997136354 -36.722000122 0.019375080 0.997781217 0.063696422 4.089969635 0.998926520 -0.021999912 0.040768564 201.553680420
0.044250667 0.061602473 -0.997119486 -37.671752930 0.020182729 0.997838199 0.062542565 4.154619217 0.998816729 -0.022892144 0.042911649 201.598999023
0.045935929 0.060248166 -0.997126043 -38.643417358 0.019394979 0.997937620 0.061190709 4.219719410 0.998756230 -0.022150096 0.044672668 201.640533447
0.048302531 0.059972141 -0.997030675 -39.659011841 0.018936630 0.997961462 0.060945537 4.290342331 0.998653233 -0.021824226 0.047068417 201.666336060
