1.000000000 0.000000000 0.000000000 0.000000000 0.000000000 1.000000000 0.000000000 0.000000000 0.000000000 0.000000000 1.000000000 0.000000000
0.999891937 -0.000114905 -0.014701008 -0.013860235 0.000181429 0.999989748 0.004523834 0.003920723 0.014700337 -0.004526013 0.999881685 0.363955259
0.999627292 -0.000323171 -0.027297227 -0.042289842 0.000723082 0.999892533 0.014641643 0.009935035 0.027289562 -0.014655924 0.999520123 0.739590466
0.999204278 0.003218937 -0.039755367 -0.077251829 -0.002299296 0.999729216 0.023156604 0.007010404 0.039819140 -0.023046769 0.998941064 1.095770121
0.998564363 0.003947780 -0.053419419 -0.100704052 -0.002650409 0.999700308 0.024335599 0.005031377 0.053499483 -0.024159078 0.998275578 1.437748313
0.997792959 0.005354091 -0.066186070 -0.142533824 -0.003894990 0.999746978 0.022154853 0.009804907 0.066287942 -0.021848161 0.997561336 1.773068547
0.996870577 0.002585065 -0.079008572 -0.170360073 -0.000909172 0.999773979 0.021240154 0.010492658 0.079045624 -0.021101853 0.996647656 2.112954140
0.995822608 0.003454851 -0.091243729 -0.214946419 -0.001803677 0.999833226 0.018172562 0.014644109 0.091291301 -0.017932074 0.995662749 2.445264101
0.994667292 0.005501097 -0.102988698 -0.268047571 -0.003943336 0.999874830 0.015323050 0.022286735 0.103060097 -0.014835219 0.994564474 2.777502775
0.993351400 0.009686070 -0.114713289 -0.325295836 -0.008140932 0.999869823 0.013930408 0.032705721 0.114833280 -0.012903918 0.993300974 3.102428436
0.991942167 0.008700765 -0.126392484 -0.373889685 -0.007650741 0.999932110 0.008790723 0.047970623 0.126460388 -0.007752893 0.991941333 3.428807497
0.990334451 0.006941654 -0.138526306 -0.424118400 -0.005996578 0.999955833 0.007238549 0.067844398 0.138570428 -0.006337901 0.990332305 3.753950119
0.988655567 0.004414306 -0.150135562 -0.477719843 -0.002652401 0.999925256 0.011933650 0.071839854 0.150177017 -0.011400050 0.988593400 4.086041451
0.986818433 0.004636974 -0.161764950 -0.537843168 -0.002187008 0.999880254 0.015319998 0.070398554 0.161816627 -0.014764275 0.986710370 4.410869598
0.984806120 0.002988985 -0.173631802 -0.608870566 -0.000557902 0.999901175 0.014048492 0.079419531 0.173656628 -0.013738171 0.984710455 4.722731590
0.982670724 0.003536393 -0.185326099 -0.677639186 -0.001130109 0.999913692 0.013088079 0.090956725 0.185356393 -0.012651834 0.982589900 5.044669628
0.980517745 0.005869028 -0.196342885 -0.750943840 -0.002538633 0.999848664 0.017209515 0.084745325 0.196414173 -0.016375793 0.980384290 5.351205826
0.978208125 0.007453191 -0.207492858 -0.831992209 -0.004805762 0.999900520 0.013260284 0.087194808 0.207571045 -0.011974157 0.978146672 5.669198513
0.975733221 0.006020963 -0.218880042 -0.912602544 -0.005032585 0.999974489 0.005072870 0.086802341 0.218904987 -0.003848236 0.975738585 5.967042923
0.973056734 0.001654859 -0.230559990 -0.991913438 -0.002287091 0.999994338 -0.002474930 0.086496875 0.230554596 0.002935559 0.973054945 6.275177002
0.970010102 -0.003828532 -0.243034512 -1.065841675 0.001935255 0.999965906 -0.008028427 0.098837659 0.243056953 0.007317321 0.969984412 6.587660313
0.967005432 -0.005329488 -0.254700094 -1.153877378 0.003848872 0.999972701 -0.006311196 0.106709339 0.254726797 0.005122653 0.966999471 6.908872604
0.963916063 -0.001881803 -0.266199678 -1.263938427 0.001767783 0.999998212 -0.000667940 0.114503711 0.266200453 0.000173255 0.963917673 7.234885216
0.960628629 0.001029065 -0.277833819 -1.372717738 0.000069894 0.999992192 0.003945519 0.118605904 0.277835727 -0.003809598 0.960621059 7.554361343
0.957145751 0.001103363 -0.289604634 -1.477325082 -0.000290651 0.999995887 0.002849274 0.133178025 0.289606571 -0.002642997 0.957142115 7.878218174
0.953914404 0.002094028 -0.300071597 -1.593630433 -0.001117014 0.999993503 0.003427446 0.137883931 0.300076813 -0.002934306 0.953910530 8.205307961
0.949991405 0.008413063 -0.312162697 -1.721064448 -0.004697843 0.999908924 0.012651695 0.130256772 0.312240720 -0.010552511 0.949944437 8.525275230
0.945891082 0.011120183 -0.324293673 -1.829829335 -0.004848556 0.999785364 0.020140976 0.124650851 0.324448049 -0.017478814 0.945742011 8.844888687
0.942232370 0.006109389 -0.334904253 -1.944169283 0.001427772 0.999751329 0.022254607 0.124861777 0.334956944 -0.021447178 0.941989303 9.158151627
0.938011110 0.000476893 -0.346604824 -2.057361126 0.007132957 0.999760687 0.020679381 0.129124179 0.346531749 -0.021869807 0.937783301 9.474850655
0.933836281 -0.002723824 -0.357690364 -2.186083794 0.010210426 0.999766529 0.019043505 0.146475270 0.357554972 -0.021435687 0.933646083 9.792751312
0.929498196 0.003670240 -0.368808389 -2.336223125 0.003029482 0.999840796 0.017585160 0.158992901 0.368814230 -0.017462673 0.929339111 10.091343880
0.924727082 0.008344879 -0.380539328 -2.491951466 -0.002274638 0.999862969 0.016398612 0.168930352 0.380624026 -0.014298652 0.924619317 10.399425507
0.919544637 0.005747885 -0.392943621 -2.637417555 0.000723484 0.999866605 0.016318867 0.183659852 0.392984986 -0.015290215 0.919417739 10.737092972
0.914853632 0.001220592 -0.403783828 -2.796585560 0.006643387 0.999814570 0.018074257 0.194169074 0.403731018 -0.019217791 0.914675891 11.070659637
0.909607053 0.001138734 -0.415468037 -2.963537693 0.008718471 0.999723732 0.021827923 0.202274889 0.415378094 -0.023477079 0.909345865 11.415863991
0.903238654 0.005652452 -0.429101318 -3.141484022 0.005857512 0.999657691 0.025498057 0.211499989 0.429098547 -0.025544297 0.902896404 11.770174980
0.897239983 0.005443157 -0.441509724 -3.331610680 0.006016914 0.999680459 0.024552196 0.222595096 0.441502273 -0.024685737 0.896920502 12.111850739
0.891094267 0.004747484 -0.453793406 -3.541874886 0.005937930 0.999737680 0.022119083 0.222464472 0.453779399 -0.022404782 0.890832365 12.459987640
0.883660257 0.003401532 -0.468116432 -3.730851889 0.006853411 0.999772429 0.020201908 0.236786976 0.468078613 -0.021059819 0.883435845 12.832857132
0.875868082 0.001041946 -0.482549518 -3.944346189 0.009508453 0.999766231 0.019417396 0.246075615 0.482456952 -0.021595377 0.875653446 13.196822166
0.867557585 -0.003572415 -0.497323960 -4.168472767 0.014094954 0.999749124 0.017406492 0.259611607 0.497137040 -0.022110891 0.867390275 13.567475319
0.858786225 -0.007653309 -0.512276888 -4.402466297 0.016630830 0.999777913 0.012943624 0.277918786 0.512064099 -0.019635396 0.858722806 13.949274063
0.849517584 -0.004410754 -0.527541876 -4.659029484 0.011396856 0.999885142 0.009992727 0.294484615 0.527437210 -0.014501316 0.849470258 14.318700790
0.839368343 -0.000779917 -0.543562472 -4.933530807 0.007721376 0.999915183 0.010488635 0.300270021 0.543508172 -0.013000879 0.839303195 14.696428299
0.828737199 0.000124940 -0.559637964 -5.209019184 0.007926557 0.999897063 0.011961233 0.304557174 0.559581816 -0.014348720 0.828650892 15.074388504
0.817605555 -0.000478450 -0.575778544 -5.490056515 0.010169461 0.999855638 0.013609797 0.309993714 0.575688958 -0.016982803 0.817492425 15.456613541
0.806297362 -0.001309987 -0.591508925 -5.775600433 0.011834647 0.999833107 0.013917754 0.321222782 0.591391981 -0.018222148 0.806178331 15.823731422
0.794965029 0.000035396 -0.606655300 -6.071324825 0.011549086 0.999817908 0.015192333 0.328615814 0.606545329 -0.019083688 0.794819832 16.187400818
0.783348203 0.001833331 -0.621580422 -6.373311520 0.011069817 0.999795914 0.016899630 0.336322546 0.621484518 -0.020119077 0.783168077 16.551254272
0.771811724 0.004102726 -0.635837913 -6.679841995 0.009399893 0.999796271 0.017861219 0.344260871 0.635781646 -0.019762307 0.771615982 16.897441864
0.760440588 0.005547245 -0.649383783 -6.991946220 0.008576470 0.999790549 0.018583741 0.355891407 0.649350882 -0.019701252 0.760233760 17.242465973
0.749426126 0.006608474 -0.662055016 -7.310235023 0.007670360 0.999796450 0.018662341 0.365671486 0.662043571 -0.019064246 0.749222875 17.573364258
0.738676608 0.007092024 -0.674022734 -7.632258892 0.007339111 0.999800742 0.018562937 0.385217667 0.674020052 -0.018658735 0.738477349 17.905466080
0.728621364 0.008591438 -0.684862792 -7.960031033 0.006385663 0.999792635 0.019335827 0.399594635 0.684886932 -0.018461801 0.728415489 18.227968216
0.718811035 0.009390208 -0.695142150 -8.280298233 0.006467082 0.999775171 0.020192573 0.412207544 0.695175469 -0.019010186 0.718588710 18.540618896
0.709340215 0.010321364 -0.704790711 -8.618486404 0.005326326 0.999785721 0.020002151 0.422816068 0.704846203 -0.017942276 0.709133208 18.864837646
0.700582802 0.010955987 -0.713486969 -8.943640709 0.005464330 0.999770463 0.020717528 0.436131179 0.713550150 -0.018413072 0.700362086 19.168432236
0.692789078 0.011875090 -0.721042514 -9.278514862 0.005306729 0.999753356 0.021564065 0.455425769 0.721120775 -0.018765725 0.692555189 19.475944519
0.686009169 0.012661544 -0.727482736 -9.609620094 0.005007847 0.999742746 0.022122473 0.471297264 0.727575660 -0.018819343 0.685769320 19.765930176
0.680191278 0.013587737 -0.732908726 -9.944045067 0.003960610 0.999745488 0.022210477 0.473864555 0.733024001 -0.018010139 0.679964364 20.057252884
0.675949812 0.014363435 -0.736807764 -10.271830559 0.003168308 0.999744177 0.022395775 0.483542085 0.736940920 -0.017472854 0.675731361 20.335643768
0.672445655 0.014667897 -0.740001142 -10.590587616 0.003350205 0.999733031 0.022860523 0.497764885 0.740138888 -0.017851615 0.672217011 20.619321823
0.670076966 0.014198230 -0.742155850 -10.921550751 0.003967495 0.999734282 0.022708146 0.515768826 0.742281079 -0.018160705 0.669842541 20.916572571
0.669308364 0.013531773 -0.742861509 -11.237224579 0.004600163 0.999739468 0.022355683 0.526552916 0.742970526 -0.018380130 0.669071794 21.198131561
0.669627726 0.012715494 -0.742588043 -11.547321320 0.004589743 0.999763489 0.021257961 0.540327966 0.742682755 -0.017643210 0.669411004 21.478479385
0.672039866 0.011304611 -0.740428805 -11.872520447 0.004497519 0.999802709 0.019346755 0.553025365 0.740501463 -0.016331883 0.671856403 21.751899719
0.675013781 0.009111265 -0.737748861 -12.200861931 0.004321554 0.999857783 0.016302403 0.559702754 0.737792492 -0.014192570 0.674878418 22.059728622
0.680191278 0.006344978 -0.733007252 -12.521203995 0.004493491 0.999907672 0.012825010 0.575591564 0.733020961 -0.012017221 0.680099964 22.349748611
0.686079502 0.006120774 -0.727500916 -12.827142715 0.004183461 0.999914885 0.012357981 0.584515095 0.727514625 -0.011522030 0.685995519 22.648281097
0.693508208 0.007388672 -0.720410883 -13.162242889 0.003288195 0.999904513 0.013420615 0.609685063 0.720441282 -0.011676158 0.693417668 22.958507538
0.701624990 0.011120499 -0.712459624 -13.455505371 0.001238603 0.999857664 0.016826147 0.601375043 0.712545335 -0.012688101 0.701511383 23.264511108
0.711932659 0.014471567 -0.702098608 -13.774850845 -0.001970757 0.999824882 0.018609904 0.609870672 0.702244997 -0.011865333 0.711836576 23.565864563
0.721894979 0.015545189 -0.691828072 -14.057094574 -0.002290776 0.999795854 0.020074811 0.608316481 0.691998899 -0.012907081 0.721783161 23.904167175
0.733532071 0.015740771 -0.679472566 -14.348016739 -0.003519201 0.999806345 0.019362485 0.618723333 0.679645777 -0.011811804 0.733445406 24.220344543
0.745970130 0.014934387 -0.665812016 -14.628119469 -0.004222160 0.999834478 0.017696153 0.633676410 0.665966094 -0.010389638 0.745909691 24.550868988
0.759419620 0.014711159 -0.650434792 -14.907135963 -0.005853674 0.999858379 0.015779722 0.648158193 0.650574803 -0.008175999 0.759398162 24.887420654
0.773773015 0.016123248 -0.633257747 -15.186845779 -0.009143769 0.999856174 0.014284433 0.660319328 0.633396983 -0.005262547 0.773809135 25.210220337
0.786723495 0.017932599 -0.617044985 -15.412992477 -0.012246735 0.999834657 0.013442843 0.658534944 0.617184043 -0.003019015 0.786813021 25.539562225
0.800212801 0.015697818 -0.599510670 -15.646297455 -0.010768070 0.999872327 0.011808074 0.667074323 0.599619508 -0.002993401 0.800279677 25.865901947
0.813793898 0.014095254 -0.580982625 -15.875522614 -0.010714085 0.999899805 0.009251199 0.694153905 0.581054807 -0.001303873 0.813863397 26.209911346
0.827845752 0.013755809 -0.560787141 -16.111871719 -0.011586262 0.999905348 0.007423260 0.702910185 0.560836136 0.000352111 0.827926755 26.562383652
0.841626883 0.012982924 -0.539903402 -16.328889847 -0.011771034 0.999914527 0.005695454 0.707159936 0.539931178 0.001561773 0.841707706 26.914184570
0.855201423 0.011251295 -0.518173635 -16.541471481 -0.009926485 0.999936521 0.005329173 0.708487809 0.518200755 0.000586126 0.855258822 27.289083481
0.868340731 0.008417945 -0.495896667 -16.746690750 -0.007047021 0.999964416 0.004634900 0.724380732 0.495918065 -0.000530078 0.868369162 27.677934647
0.880938113 0.007954931 -0.473164648 -16.935647964 -0.006084859 0.999966443 0.005482827 0.723743796 0.473192394 -0.001950891 0.880956948 28.064172745
0.893378973 0.008751024 -0.449218780 -17.134529114 -0.007222630 0.999960840 0.005115852 0.730843127 0.449245960 -0.001325854 0.893407166 28.453433990
0.904192805 0.011370007 -0.426973253 -17.293525696 -0.009785997 0.999934673 0.005903970 0.714336932 0.427012503 -0.001159968 0.904245019 28.852367401
0.915109515 0.013123048 -0.402991802 -17.470760345 -0.011640551 0.999913454 0.006128002 0.720111310 0.403037339 -0.000916747 0.915183067 29.267030716
0.925311267 0.011309851 -0.379039764 -17.637006760 -0.009889968 0.999934912 0.005692849 0.734196961 0.379079461 -0.001518967 0.925362885 29.688770294
0.934357882 0.009188483 -0.356217563 -17.781360626 -0.007588895 0.999953866 0.005887736 0.737541258 0.356255233 -0.002797955 0.934384465 30.125335693
0.943156183 0.010427034 -0.332186192 -17.920688629 -0.009013606 0.999942601 0.005795534 0.741998792 0.332227558 -0.002471898 0.943195999 30.559312820
0.950823724 0.013355379 -0.309444457 -18.041093826 -0.011953868 0.999907911 0.006424830 0.732872486 0.309501767 -0.002409823 0.950895786 30.986703873
0.957980871 0.014576546 -0.286461532 -18.162214279 -0.013043451 0.999888599 0.007259425 0.742410958 0.286535412 -0.003217944 0.958064258 31.446022034
0.964704037 0.016382201 -0.262826413 -18.273536682 -0.014589616 0.999855101 0.008770675 0.750104308 0.262932003 -0.004626570 0.964803278 31.902780533
0.970710516 0.019929647 -0.239424229 -18.379928589 -0.018240705 0.999790668 0.009268199 0.752939641 0.239558816 -0.004629471 0.970870793 32.372241974
0.976287544 0.022877475 -0.215265498 -18.479112625 -0.021522097 0.999731064 0.008638480 0.759757757 0.215405226 -0.003800676 0.976517379 32.847949982
0.981427372 0.026269540 -0.190026954 -18.579690933 -0.025290474 0.999651432 0.007575872 0.769999206 0.190159738 -0.002629296 0.981749654 33.360107422
0.985964119 0.026534198 -0.164835259 -18.647953033 -0.025730195 0.999644339 0.007011315 0.781872213 0.164962679 -0.002671662 0.986296177 33.847366333
0.989763975 0.027423792 -0.140054464 -18.697414398 -0.026734460 0.999619424 0.006801289 0.790969491 0.140187681 -0.002987390 0.990120471 34.340358734
0.993037820 0.028463092 -0.114305481 -18.737201691 -0.027758069 0.999584615 0.007755138 0.800844133 0.114478737 -0.004528247 0.993415356 34.846809387
0.995585024 0.030752733 -0.088683538 -18.782428741 -0.030029651 0.999504089 0.009476541 0.804809868 0.088930987 -0.006771566 0.996014774 35.370655060
0.997390449 0.032679729 -0.064376205 -18.804620743 -0.032012083 0.999422729 0.011375584 0.807016134 0.064710788 -0.009285083 0.997860849 35.892974854
0.998594165 0.034352072 -0.040367987 -18.816265106 -0.033904206 0.999356270 0.011727469 0.813727140 0.040744863 -0.010342338 0.999116063 36.423881531
0.999212444 0.035894252 -0.016915951 -18.807596207 -0.035716180 0.999304533 0.010714019 0.824324965 0.017288759 -0.010101407 0.999799490 36.970268250
0.999336958 0.035574716 0.007752001 -18.796705246 -0.035644904 0.999322951 0.009112241 0.831560731 -0.007422587 -0.009382518 0.999928415 37.523868561
0.998830020 0.036319159 0.031930622 -18.763019562 -0.036597766 0.999296546 0.008184410 0.842147768 -0.031610906 -0.009343424 0.999456584 38.080635071
0.997745335 0.037488393 0.055667676 -18.723800659 -0.037963778 0.999250948 0.007506469 0.848396480 -0.055344570 -0.009602900 0.998421133 38.650627136
0.996175945 0.038679101 0.078341320 -18.670497894 -0.039317101 0.999204874 0.006617276 0.853448927 -0.078023084 -0.009672125 0.996904612 39.233505249
0.994219959 0.038908508 0.100063771 -18.597785950 -0.039762806 0.999187648 0.006556587 0.862554431 -0.099727370 -0.010497506 0.994959414 39.817955017
0.991737306 0.039271586 0.122126602 -18.512941360 -0.040498376 0.999150872 0.007578298 0.866518140 -0.121725291 -0.012461609 0.992485583 40.406776428
0.988758206 0.039752606 0.144142270 -18.421365738 -0.041411027 0.999105871 0.008522342 0.872959673 -0.143674597 -0.014395614 0.989520252 41.007881165
0.985494971 0.039219745 0.165110514 -18.306522369 -0.041299380 0.999104619 0.009179926 0.879323304 -0.164602652 -0.015865734 0.986232340 41.598529816
0.981926680 0.038082302 0.185390919 -18.184734344 -0.040570781 0.999130130 0.009646403 0.885660470 -0.184862301 -0.016993513 0.982617497 42.188426971
0.978105009 0.038170770 0.204581499 -18.052742004 -0.040827874 0.999127626 0.008781234 0.888302684 -0.204067841 -0.016941596 0.978810132 42.792739868
0.974107444 0.037925526 0.222881809 -17.918416977 -0.040731713 0.999138057 0.008005269 0.892894685 -0.222386092 -0.016876351 0.974812627 43.384796143
0.969907820 0.038455803 0.240416303 -17.761140823 -0.041282397 0.999124825 0.006729867 0.897541761 -0.239947110 -0.016452312 0.970646560 43.969512939
0.965307236 0.039165974 0.258162767 -17.592340469 -0.041868966 0.999110699 0.004978541 0.898982644 -0.257738203 -0.015614831 0.966088593 44.565757751
0.960508943 0.039444584 0.275439143 -17.411293030 -0.042101964 0.999106348 0.003739410 0.901413798 -0.275045514 -0.015188265 0.961311221 45.144695282
0.955391228 0.038288049 0.292850852 -17.212444305 -0.040951207 0.999156773 0.002966219 0.900541842 -0.292490333 -0.014826492 0.956153572 45.722419739
0.949829161 0.037292048 0.310538024 -17.027393341 -0.040051274 0.999194443 0.002511315 0.898108482 -0.310194224 -0.014822761 0.950557649 46.299804688
0.943856597 0.038104560 0.328150570 -16.824966431 -0.041123584 0.999151528 0.002262797 0.900113940 -0.327785909 -0.015630484 0.944622695 46.873973846
0.937766671 0.037829850 0.345199347 -16.599660873 -0.041322883 0.999142051 0.002763131 0.896803916 -0.344798654 -0.016855804 0.938525319 47.439174652
0.931313634 0.035908338 0.362443864 -16.373470306 -0.039394602 0.999221265 0.002230291 0.899835169 -0.362081498 -0.016355431 0.932002962 48.009944916
0.924618781 0.032382760 0.379514813 -16.124923706 -0.035777520 0.999357998 0.001893457 0.907056212 -0.379209846 -0.015328825 0.925183713 48.574996948
0.917741120 0.027057527 0.396256447 -15.874057770 -0.030496959 0.999532044 0.002380905 0.908456504 -0.396006584 -0.014269670 0.918136775 49.129394531
0.910939932 0.021461746 0.411980420 -15.621048927 -0.024965851 0.999683440 0.003125000 0.902897596 -0.411782920 -0.013132129 0.911187351 49.676094055
0.904394805 0.015525537 0.426414162 -15.347655296 -0.018882111 0.999815047 0.003644853 0.907297254 -0.426278710 -0.011347985 0.904520690 50.222530365
0.899506092 0.009011034 0.436815381 -15.064350128 -0.012106711 0.999917448 0.004303353 0.906592965 -0.436740547 -0.009159288 0.899540901 50.769454956
0.895965934 0.002938148 0.444113076 -14.783453941 -0.005097237 0.999980271 0.003667672 0.908381939 -0.444093525 -0.005549859 0.895963252 51.316932678
0.893406034 -0.001585359 0.449247360 -14.495611191 0.000460475 0.999996483 0.002613176 0.911879539 -0.449249923 -0.002127760 0.893403590 51.872074127
0.891997337 -0.005972743 0.452001214 -14.223123550 0.006053382 0.999980867 0.001267759 0.913590491 -0.452000141 0.001605298 0.892016411 52.408428192
0.892073750 -0.009775694 0.451784074 -13.930141449 0.010895613 0.999940634 0.000122677 0.920629621 -0.451758444 0.004813027 0.892127335 52.962875366
0.892964482 -0.013975659 0.449910104 -13.648839951 0.015458278 0.999880433 0.000378506 0.917720139 -0.449861586 0.006616842 0.893073797 53.522140503
0.895285904 -0.015301252 0.445229232 -13.376854897 0.015710698 0.999872744 0.002771018 0.927311122 -0.445214957 0.004514008 0.895412326 54.087490082
0.899216413 -0.018436966 0.437115490 -13.103687286 0.017089987 0.999829352 0.007014675 0.930381000 -0.437170237 0.001162588 0.899378002 54.649765015
0.903421164 -0.022376351 0.428169906 -12.836477280 0.019443789 0.999747992 0.011221667 0.934890985 -0.428313106 -0.001812645 0.903628588 55.238304138
0.908551157 -0.027913332 0.416840136 -12.570268631 0.023917777 0.999604285 0.014806068 0.943225026 -0.417088479 -0.003482182 0.908859253 55.823730469
0.914385796 -0.027398597 0.403915823 -12.320396423 0.022770194 0.999608517 0.016258659 0.955160320 -0.404203147 -0.005669445 0.914651692 56.417057037
0.919865847 -0.025345499 0.391413361 -12.083404541 0.020770557 0.999657512 0.015918447 0.964910746 -0.391682774 -0.006512964 0.920077264 57.022006989
0.925765276 -0.023515070 0.377366811 -11.844621658 0.019270824 0.999701500 0.015019313 0.972419262 -0.377607346 -0.006632189 0.925942063 57.635547638
0.931585073 -0.024462251 0.362699419 -11.600108147 0.020942694 0.999687731 0.013633084 0.984476805 -0.362919658 -0.005104474 0.931806445 58.265960693
0.936487496 -0.023801507 0.349892378 -11.395397186 0.020941634 0.999709249 0.011955130 0.990855575 -0.350075185 -0.003868513 0.936713636 58.877239227
0.941568851 -0.021364784 0.336142272 -11.181274414 0.018672213 0.999762475 0.011240882 1.001117349 -0.336302578 -0.004307546 0.941744149 59.502490997
0.946461618 -0.018618116 0.322279125 -10.978552818 0.016036080 0.999814510 0.010665068 1.011112094 -0.322417915 -0.004925984 0.946584642 60.141685486
0.950775981 -0.017458413 0.309386879 -10.776597977 0.014461614 0.999823689 0.011977174 1.018942118 -0.309541434 -0.006913377 0.950860858 60.782741547
0.954678059 -0.017572673 0.297121227 -10.589155197 0.014017089 0.999802411 0.014093217 1.028254628 -0.297310174 -0.009289711 0.954735756 61.444728851
0.958383441 -0.016234796 0.285022110 -10.418483734 0.011989836 0.999789774 0.016632125 1.044963002 -0.285232216 -0.012522585 0.958376646 62.133659363
0.961812437 -0.015721371 0.273257554 -10.237621307 0.010979427 0.999761581 0.018874042 1.058544397 -0.273489118 -0.015153076 0.961755753 62.795356750
0.964720666 -0.014343693 0.262884557 -10.073171616 0.009756383 0.999776661 0.018747032 1.069033384 -0.263094753 -0.015520846 0.964645147 63.465812683
0.967293978 -0.013242249 0.253312081 -9.918119431 0.009406415 0.999822140 0.016347921 1.081246853 -0.253483504 -0.013430487 0.967246473 64.144989014
0.969690740 -0.010666984 0.244102716 -9.756562233 0.007811528 0.999889314 0.012662856 1.091987967 -0.244210780 -0.010372239 0.969666719 64.826881409
0.971743166 -0.009372197 0.235854611 -9.591205597 0.007447591 0.999931335 0.009049678 1.107128978 -0.235923216 -0.007037415 0.971746206 65.490531921
0.973528862 -0.010459621 0.228324711 -9.429965973 0.008876027 0.999928892 0.007961513 1.114651203 -0.228391752 -0.005724147 0.973552465 66.174949646
