1.000000000 0.000000000 0.000000000 0.000000000 0.000000000 1.000000000 0.000000000 0.000000000 0.000000000 0.000000000 1.000000000 0.000000000
0.999998212 0.000987017 -0.001625599 -0.012618246 -0.000985296 0.999998927 0.001059109 0.003964942 0.001626642 -0.001057505 0.999998093 1.281951547
0.999990821 0.002073517 -0.003752999 -0.020068372 -0.002073735 0.999997854 -0.000054083 0.005777422 0.003752879 0.000061866 0.999992967 2.541078091
0.999982476 0.002765456 -0.005233590 -0.034699384 -0.002783667 0.999990106 -0.003475440 0.014024288 0.005223927 0.003489948 0.999980271 3.787610531
0.999969363 0.004695617 -0.006266771 -0.058237948 -0.004722485 0.999979675 -0.004279540 0.006308133 0.006246549 0.004309003 0.999971211 5.058508873
0.999958873 0.005525694 -0.007193734 -0.075299926 -0.005560315 0.999972999 -0.004801540 -0.000515839 0.007167008 0.004841342 0.999962568 6.307932377
0.999961376 0.004196701 -0.007718623 -0.085593820 -0.004235769 0.999978244 -0.005052191 -0.006468453 0.007697253 0.005084690 0.999957442 7.551211357
0.999960482 0.003611497 -0.008126177 -0.103053614 -0.003665992 0.999970853 -0.006701193 -0.009057371 0.008101739 0.006730718 0.999944508 8.794960976
0.999958217 0.003085114 -0.008605074 -0.120477796 -0.003132378 0.999980032 -0.005484510 -0.016048504 0.008587983 0.005511235 0.999947906 10.032800674
0.999954879 0.002678786 -0.009113588 -0.140521929 -0.002709426 0.999990702 -0.003351373 -0.021619931 0.009104527 0.003375914 0.999952853 11.272596359
0.999953151 0.003129757 -0.009162068 -0.164157376 -0.003140885 0.999994338 -0.001200378 -0.022569945 0.009158260 0.001229099 0.999957323 12.515333176
0.999939740 0.003424642 -0.010428187 -0.181258619 -0.003432796 0.999993801 -0.000764084 -0.021147681 0.010425505 0.000799836 0.999945343 13.749441147
0.999909818 0.002639651 -0.013167181 -0.200925827 -0.002657537 0.999995589 -0.001341058 -0.021581959 0.013163582 0.001375929 0.999912381 14.974473000
0.999862909 0.001178025 -0.016514817 -0.231686056 -0.001216344 0.999996603 -0.002310427 -0.022262180 0.016512040 0.002330198 0.999860942 16.200431824
0.999802291 -0.002156728 -0.019766325 -0.257861555 0.002086347 0.999991417 -0.003580567 -0.024440488 0.019773878 0.003538619 0.999798238 17.422744751
0.999737382 -0.002751949 -0.022750515 -0.287781268 0.002622274 0.999980152 -0.005727734 -0.028366476 0.022765826 0.005666572 0.999724746 18.633546829
0.999680400 -0.004302263 -0.024911165 -0.325298429 0.004170126 0.999976993 -0.005353868 -0.030993296 0.024933625 0.005248274 0.999675333 19.849805832
0.999633670 -0.004614013 -0.026668146 -0.363875300 0.004518333 0.999983132 -0.003646958 -0.033274692 0.026684524 0.003525126 0.999637663 21.059932709
0.999591053 -0.005547770 -0.028053058 -0.403642625 0.005469334 0.999980927 -0.002871939 -0.035375237 0.028068457 0.002717333 0.999602318 22.272045135
0.999553859 -0.005853766 -0.029287836 -0.446890146 0.005766462 0.999978662 -0.003064494 -0.035726558 0.029305151 0.002894240 0.999566317 23.477079391
0.999512255 -0.006453043 -0.030554393 -0.489185691 0.006348895 0.999973714 -0.003504402 -0.038557790 0.030576205 0.003308706 0.999526978 24.679021835
0.999474585 -0.005976737 -0.031856347 -0.537465036 0.005831567 0.999972165 -0.004647985 -0.036960911 0.031883240 0.004459770 0.999481678 25.861610413
0.999418855 -0.007594429 -0.033230957 -0.575692654 0.007394878 0.999953926 -0.006123769 -0.044662405 0.033275932 0.005874472 0.999428928 27.076126099
0.999393165 -0.006727866 -0.034175709 -0.625796199 0.006508044 0.999957442 -0.006539304 -0.048755337 0.034218252 0.006312918 0.999394417 28.270084381
0.999391675 -0.004846516 -0.034536622 -0.679400146 0.004695744 0.999979079 -0.004445321 -0.051635906 0.034557443 0.004280441 0.999393523 29.471002579
0.999409497 -0.003433215 -0.034189578 -0.735065401 0.003340524 0.999990582 -0.002767820 -0.058800962 0.034198761 0.002651975 0.999411523 30.651935577
0.999403834 -0.002062227 -0.034463599 -0.778728843 0.001956824 0.999993324 -0.003091841 -0.060983606 0.034469746 0.003022559 0.999401152 31.837837219
0.999412119 -0.002549818 -0.034189459 -0.829150617 0.002393943 0.999986529 -0.004599321 -0.061173283 0.034200724 0.004514769 0.999404788 33.024921417
0.999416411 -0.003343018 -0.033994578 -0.870029509 0.003125940 0.999974370 -0.006436801 -0.062576301 0.034015227 0.006326780 0.999401271 34.204833984
0.999427140 -0.004844624 -0.033495046 -0.911683321 0.004611526 0.999964654 -0.007032921 -0.066960976 0.033527933 0.006874429 0.999414146 35.384311676
0.999473155 -0.005884517 -0.031918071 -0.960403025 0.005692891 0.999965250 -0.006091227 -0.077932060 0.031952806 0.005906312 0.999471903 36.571769714
0.999532342 -0.006766479 -0.029822247 -0.998910248 0.006625758 0.999966443 -0.004814950 -0.081805430 0.029853828 0.004615103 0.999543607 37.733261108
0.999608755 -0.006804913 -0.027130289 -1.043065906 0.006694581 0.999968946 -0.004155516 -0.094936386 0.027157726 0.003972264 0.999623239 38.919700623
0.999683917 -0.006815594 -0.024200281 -1.077352166 0.006715657 0.999968588 -0.004208453 -0.097670093 0.024228204 0.004044601 0.999698281 40.078380585
0.999745905 -0.008083067 -0.021043241 -1.105030537 0.008001857 0.999960244 -0.003940523 -0.102649160 0.021074256 0.003771136 0.999770820 41.233234406
0.999801695 -0.008971277 -0.017778166 -1.131018043 0.008912732 0.999954581 -0.003369592 -0.106477953 0.017807588 0.003210472 0.999836266 42.383953094
0.999841809 -0.010578868 -0.014298105 -1.149541497 0.010535738 0.999939740 -0.003088415 -0.111451775 0.014329915 0.002937286 0.999893010 43.537559509
0.999867141 -0.012222040 -0.010784943 -1.165871620 0.012189223 0.999920905 -0.003103348 -0.115224116 0.010822019 0.002971475 0.999936998 44.684436798
0.999903560 -0.012132996 -0.006757879 -1.181034088 0.012113033 0.999922156 -0.002987153 -0.116477922 0.006793596 0.002905006 0.999972701 45.833717346
0.999918401 -0.012514271 -0.002569912 -1.191515207 0.012507515 0.999918342 -0.002628258 -0.118659087 0.002602593 0.002595900 0.999993265 46.985538483
0.999945700 -0.010332418 0.001338152 -1.202496171 0.010336477 0.999941885 -0.003063276 -0.123106211 -0.001306424 0.003076941 0.999994397 48.142768860
0.999934316 -0.010120642 0.005375876 -1.197407722 0.010142932 0.999940038 -0.004135154 -0.121943682 -0.005333703 0.004189410 0.999976993 49.280532837
0.999913752 -0.009576199 0.008987843 -1.198813558 0.009623127 0.999940217 -0.005192725 -0.122680403 -0.008937579 0.005278768 0.999946117 50.438983917
0.999867737 -0.010554746 0.012373933 -1.187856913 0.010623095 0.999928594 -0.005470889 -0.124344334 -0.012315306 0.005601615 0.999908447 51.576656342
0.999807715 -0.011895718 0.015589574 -1.179369569 0.011982471 0.999913156 -0.005483241 -0.125729978 -0.015522994 0.005668988 0.999863446 52.704292297
0.999769986 -0.012475673 0.017445231 -1.163389683 0.012571460 0.999906421 -0.005391879 -0.129906788 -0.017376332 0.005609951 0.999833286 53.855747223
0.999740064 -0.013115300 0.018650312 -1.142672777 0.013221556 0.999897003 -0.005585445 -0.135359913 -0.018575136 0.005830579 0.999810457 55.000003815
0.999720275 -0.012701772 0.019951966 -1.127250075 0.012838714 0.999894798 -0.006750519 -0.138804376 -0.019864123 0.007004788 0.999778152 56.136035919
0.999748886 -0.008761226 0.020624332 -1.119795561 0.008940163 0.999923050 -0.008599827 -0.149565041 -0.020547401 0.008782052 0.999750316 57.302833557
0.999752998 -0.008174290 0.020668143 -1.099580050 0.008312947 0.999943435 -0.006631755 -0.147623673 -0.020612765 0.006801930 0.999764383 58.452461243
0.999772191 -0.006878017 0.020206239 -1.089443564 0.006951796 0.999969423 -0.003583356 -0.149768859 -0.020180974 0.003723009 0.999789417 59.613670349
0.999763727 -0.009773944 0.019415334 -1.064982533 0.009791709 0.999951720 -0.000820184 -0.150476679 -0.019406380 0.001010099 0.999811172 60.768333435
0.999751329 -0.012467140 0.018489983 -1.050437093 0.012472187 0.999922216 -0.000157695 -0.147875443 -0.018486578 0.000388266 0.999829054 61.923568726
0.999752343 -0.014055357 0.017255709 -1.029153943 0.014062620 0.999901056 -0.000299639 -0.146793991 -0.017249789 0.000542225 0.999851048 63.071010590
0.999748111 -0.015171492 0.016537875 -1.017475724 0.015212099 0.999881566 -0.002332313 -0.147641331 -0.016500533 0.002583301 0.999860525 64.245155334
0.999787688 -0.013920747 0.015190483 -0.997747719 0.013996454 0.999890089 -0.004888981 -0.147799075 -0.015120755 0.005100556 0.999872684 65.389671326
0.999838650 -0.010940930 0.014246338 -1.005079746 0.011038561 0.999916017 -0.006792604 -0.151728123 -0.014170824 0.006948767 0.999875426 66.557693481
0.999860525 -0.011667477 0.011948374 -0.991468549 0.011749254 0.999907851 -0.006796934 -0.159602284 -0.011867970 0.006936371 0.999905527 67.709587097
0.999897897 -0.011052548 0.009056574 -0.990125954 0.011109497 0.999918699 -0.006262276 -0.161893204 -0.008986624 0.006362251 0.999939382 68.867424011
0.999923646 -0.011189753 0.005246308 -0.986752570 0.011218274 0.999922276 -0.005438823 -0.163309783 -0.005185042 0.005497262 0.999971449 70.018981934
0.999963880 -0.008451691 0.000903106 -1.000469923 0.008457126 0.999945045 -0.006194341 -0.166653097 -0.000850704 0.006201755 0.999980390 71.185203552
0.999971509 -0.006924328 -0.003004440 -0.998017132 0.006902571 0.999950290 -0.007192399 -0.167021289 0.003054093 0.007171456 0.999969602 72.329650879
0.999979913 -0.003719082 -0.005135071 -1.031399846 0.003684793 0.999970973 -0.006670832 -0.173565209 0.005159732 0.006651776 0.999964535 73.520240784
0.999965787 -0.003466355 -0.007509770 -1.034284592 0.003415391 0.999971151 -0.006788666 -0.174907476 0.007533085 0.006762785 0.999948740 74.705566406
0.999954164 -0.002515077 -0.009236912 -1.048675895 0.002455174 0.999975920 -0.006490788 -0.177697480 0.009253015 0.006467812 0.999936283 75.870399475
0.999922812 -0.006290622 -0.010715052 -1.065690994 0.006203071 0.999947250 -0.008184565 -0.189521283 0.010765973 0.008117467 0.999909103 77.038536072
0.999888718 -0.007419508 -0.012941214 -1.076344967 0.007257591 0.999895334 -0.012514105 -0.196311682 0.013032708 0.012418791 0.999837935 78.209465027
0.999851704 -0.009589258 -0.014305925 -1.107268929 0.009383118 0.999852180 -0.014407589 -0.206342980 0.014441968 0.014271218 0.999793887 79.386528015
0.999823093 -0.009695847 -0.016116604 -1.131936193 0.009526649 0.999899030 -0.010542143 -0.212534055 0.016217193 0.010386741 0.999814570 80.555778503
0.999791682 -0.009264387 -0.018186618 -1.156313062 0.009188513 0.999948740 -0.004251134 -0.212261066 0.018225070 0.004083141 0.999825597 81.752052307
0.999771178 -0.007851816 -0.019897891 -1.193560243 0.007835604 0.999968886 -0.000892603 -0.212138623 0.019904280 0.000736487 0.999801636 82.929946899
0.999731064 -0.006935624 -0.022129308 -1.227721930 0.006903527 0.999975026 -0.001526519 -0.205257118 0.022139343 0.001373338 0.999753952 84.124580383
0.999685287 -0.005860000 -0.024393113 -1.266769171 0.005754591 0.999973834 -0.004389226 -0.203891158 0.024418196 0.004247473 0.999692798 85.300575256
0.999624491 -0.003214981 -0.027213756 -1.315027833 0.003020640 0.999969661 -0.007179378 -0.201319084 0.027236013 0.007094479 0.999603868 86.509735107
0.999533892 -0.003266136 -0.030352686 -1.352641702 0.003033132 0.999965608 -0.007719434 -0.203207463 0.030376853 0.007623772 0.999509454 87.701034546
0.999414802 -0.001156174 -0.034187231 -1.404930592 0.000914331 0.999974430 -0.007088850 -0.209882751 0.034194555 0.007053443 0.999390304 88.920562744
0.999262273 -0.000121022 -0.038404096 -1.454524040 -0.000127579 0.999979079 -0.006470782 -0.215044051 0.038404077 0.006470907 0.999241352 90.119178772
0.999092281 0.001192238 -0.042580932 -1.519411325 -0.001486860 0.999975145 -0.006888110 -0.217699766 0.042571664 0.006945170 0.999069273 91.328666687
0.998882771 0.002236421 -0.047204148 -1.569950223 -0.002597808 0.999967754 -0.007595866 -0.221505418 0.047185637 0.007710007 0.998856366 92.544258118
0.998690724 0.004198283 -0.050982188 -1.657671571 -0.004571101 0.999963641 -0.007198298 -0.224764273 0.050950114 0.007421918 0.998673618 93.739448547
0.998475850 0.004336134 -0.055019502 -1.730529904 -0.004670444 0.999971390 -0.005949095 -0.230165914 0.054992132 0.006196993 0.998467565 94.955566406
0.998210132 0.006329441 -0.059468031 -1.819237947 -0.006644423 0.999964893 -0.005100402 -0.234764934 0.059433661 0.005486404 0.998217165 96.153434753
0.997888684 0.006749754 -0.064596184 -1.897945285 -0.007150148 0.999956608 -0.005969245 -0.236827388 0.064553089 0.006418514 0.997893631 97.364059448
0.997569561 0.007330970 -0.069291309 -1.987756610 -0.007830408 0.999945283 -0.006938930 -0.247124285 0.069236651 0.007464644 0.997572362 98.573822021
0.997283578 0.008270876 -0.073191553 -2.083302021 -0.008785306 0.999938905 -0.006709418 -0.248421997 0.073131584 0.007334203 0.997295320 99.772880554
0.997006178 0.010284812 -0.076634705 -2.183603048 -0.010686208 0.999931216 -0.004829545 -0.258453250 0.076579764 0.005634020 0.997047544 100.994178772
0.996744633 0.010093912 -0.079988904 -2.275752783 -0.010389854 0.999940634 -0.003284445 -0.261147976 0.079951003 0.004104826 0.996790349 102.203895569
0.996524513 0.010722356 -0.082607143 -2.390177965 -0.010932777 0.999938011 -0.002095334 -0.262733608 0.082579553 0.002991177 0.996580005 103.401893616
0.996343791 0.011491301 -0.084658235 -2.499680281 -0.011671291 0.999930561 -0.001631451 -0.263693452 0.084633611 0.002613557 0.996408701 104.594802856
0.996149302 0.012037826 -0.086842939 -2.615781307 -0.012270207 0.999922395 -0.002142554 -0.260904282 0.086810417 0.003199885 0.996219695 105.823654175
0.995992184 0.011908328 -0.088643909 -2.732727289 -0.012148625 0.999923825 -0.002171772 -0.259309888 0.088611297 0.003239969 0.996061027 107.021316528
0.995781243 0.011724791 -0.091006830 -2.861263275 -0.012014183 0.999924362 -0.002632696 -0.255562782 0.090969078 0.003714962 0.995846808 108.229156494
0.995555818 0.012302791 -0.093366228 -2.980769873 -0.012745243 0.999910176 -0.004144067 -0.254121214 0.093306854 0.005315625 0.995623231 109.443954468
0.995378196 0.011712001 -0.095315881 -3.106580496 -0.012254649 0.999911845 -0.005109759 -0.258787721 0.095247634 0.006254205 0.995433986 110.650817871
0.995151043 0.014160834 -0.097333811 -3.229162693 -0.014741139 0.999877572 -0.005245434 -0.257545680 0.097247615 0.006654810 0.995237947 111.864822388
0.995046973 0.014370347 -0.098361947 -3.359068394 -0.014834494 0.999881983 -0.003989004 -0.260039389 0.098293014 0.005428396 0.995142698 113.047416687
0.994861841 0.016388904 -0.099906504 -3.488311529 -0.016714353 0.999857366 -0.002421329 -0.258412242 0.099852569 0.004078760 0.994993865 114.252586365
0.994762480 0.015395519 -0.101047203 -3.615404129 -0.015436922 0.999880791 0.000372228 -0.257049322 0.101040892 0.001189579 0.994881570 115.457603455
0.994608879 0.016821230 -0.102324069 -3.745127201 -0.016950591 0.999856234 -0.000394777 -0.257130057 0.102302723 0.002127102 0.994751036 116.660270691
0.994502068 0.017682791 -0.103213452 -3.883554459 -0.018334372 0.999817491 -0.005367591 -0.253848195 0.103099704 0.007230434 0.994644761 117.876304626
0.994332135 0.018815292 -0.104640059 -4.013706207 -0.019860648 0.999762654 -0.008956936 -0.249712393 0.104446694 0.010984389 0.994469821 119.085945129
0.994270205 0.017648464 -0.105429143 -4.145329952 -0.018704066 0.999784291 -0.009032037 -0.259702951 0.105246998 0.010952239 0.994385779 120.305900574
0.994291604 0.015463302 -0.105570592 -4.279428482 -0.016574390 0.999816000 -0.009655335 -0.264251590 0.105401866 0.011349986 0.994364917 121.523727417
0.994297683 0.010576309 -0.106114633 -4.411490440 -0.011792644 0.999871671 -0.010841554 -0.272807956 0.105986357 0.012031103 0.994294822 122.732826233
0.994151533 0.007437955 -0.107737631 -4.533310890 -0.008635284 0.999906003 -0.010651111 -0.281436682 0.107648283 0.011519163 0.994122326 123.981147766
0.994146347 0.005098824 -0.107921235 -4.673467636 -0.006070279 0.999943972 -0.008674913 -0.288460135 0.107870951 0.009279246 0.994121611 125.197837830
0.993942559 0.004765019 -0.109797291 -4.800542831 -0.005566149 0.999960065 -0.006991093 -0.296130151 0.109759599 0.007559893 0.993929386 126.444664001
0.993891120 0.005534502 -0.110226221 -4.942251682 -0.006416550 0.999950171 -0.007649048 -0.295924783 0.110178396 0.008309593 0.993877113 127.682014465
0.993839145 0.006666715 -0.110631585 -5.094047546 -0.007531729 0.999944210 -0.007402794 -0.301705360 0.110576063 0.008190433 0.993833899 128.934570312
0.993835866 0.006714051 -0.110657819 -5.238796711 -0.007562737 0.999945104 -0.007251511 -0.301851064 0.110603057 0.008043688 0.993832111 130.193283081
0.993692994 0.006381115 -0.111953281 -5.380456448 -0.007230145 0.999948084 -0.007179436 -0.305387616 0.111901656 0.007943594 0.993687510 131.482742310
0.993636250 0.005209157 -0.112515882 -5.529984951 -0.006053163 0.999956012 -0.007160900 -0.311054498 0.112473629 0.007796407 0.993624151 132.754486084
0.993514776 0.004262573 -0.113623291 -5.680602074 -0.005320084 0.999945283 -0.009005575 -0.313433051 0.113578685 0.009551656 0.993483067 134.057998657
0.993411958 0.004491694 -0.114509769 -5.834182739 -0.005832684 0.999918282 -0.011378337 -0.318467528 0.114449300 0.011971275 0.993356943 135.345199585
0.993300080 0.003975986 -0.115495048 -5.993548870 -0.005435696 0.999909222 -0.012326522 -0.330639869 0.115435563 0.012871731 0.993231595 136.666000366
0.993159890 0.005525063 -0.116631322 -6.150286674 -0.007007275 0.999899745 -0.012302320 -0.334771246 0.116551660 0.013035438 0.993099093 137.978286743
0.993091524 0.005817193 -0.117198013 -6.317801476 -0.007031702 0.999925733 -0.009952070 -0.338417351 0.117131419 0.010707418 0.993058681 139.320755005
0.993015230 0.005833405 -0.117842123 -6.479821682 -0.006644145 0.999956906 -0.006488198 -0.343021005 0.117799193 0.007225840 0.993011117 140.651306152
0.992892921 0.004888356 -0.118910879 -6.644357681 -0.005766933 0.999958575 -0.007045554 -0.337457836 0.118871510 0.007681231 0.992879927 141.990158081
0.992767632 0.001365989 -0.120043874 -6.804710388 -0.002454879 0.999957144 -0.008923354 -0.345204890 0.120026544 0.009153510 0.992728472 143.342102051
0.992622316 0.000585316 -0.121246114 -6.976222515 -0.002012886 0.999930084 -0.011652008 -0.343360007 0.121230818 0.011810098 0.992554069 144.709106445
0.992494106 -0.001375837 -0.122284830 -7.139993668 -0.000159662 0.999921262 -0.012546055 -0.350259125 0.122292466 0.012471410 0.992415726 146.083251953
0.992393553 0.000988190 -0.123101853 -7.328256130 -0.002449155 0.999928355 -0.011717179 -0.355612308 0.123081453 0.011929547 0.992324889 147.456832886
0.992290795 0.001285601 -0.123924717 -7.504091740 -0.002549149 0.999946356 -0.010038069 -0.359539390 0.123905167 0.010276586 0.992240846 148.846511841
0.992171407 0.002877129 -0.124850363 -7.687852859 -0.004126432 0.999943972 -0.009748955 -0.363225698 0.124815315 0.010187821 0.992127657 150.242218018
0.992097497 0.002433783 -0.125445858 -7.871221066 -0.003865860 0.999930084 -0.011173723 -0.370059878 0.125409901 0.011570379 0.992037535 151.656784058
0.991979003 0.001060612 -0.126398191 -8.055416107 -0.002501715 0.999933660 -0.011243101 -0.376976520 0.126377881 0.011469133 0.991915882 153.072906494
0.991894484 -0.000272713 -0.127064079 -8.239542007 -0.000910797 0.999956727 -0.009256084 -0.379837275 0.127061099 0.009296788 0.991851330 154.488128662
0.991722405 0.000050397 -0.128400430 -8.436683655 -0.000987942 0.999973297 -0.007238046 -0.386622101 0.128396645 0.007304984 0.991696000 155.937759399
0.991566658 0.001094822 -0.129592970 -8.625312805 -0.001953206 0.999976993 -0.006496778 -0.390589297 0.129582867 0.006695110 0.991545975 157.356307983
0.991400301 0.001500958 -0.130855814 -8.815050125 -0.002318138 0.999978781 -0.006092785 -0.398720026 0.130843893 0.006343730 0.991382718 158.777770996
0.991199613 0.002174581 -0.132357717 -9.013009071 -0.003002580 0.999977171 -0.006056507 -0.408177018 0.132341519 0.006400622 0.991183519 160.209289551
0.991030931 0.002084439 -0.133616522 -9.208960533 -0.002929924 0.999976933 -0.006131382 -0.413438797 0.133600652 0.006467875 0.991014123 161.623062134
0.990795076 0.000508599 -0.135369539 -9.401600838 -0.001317369 0.999981821 -0.005885023 -0.419825256 0.135364085 0.006009183 0.990777731 163.044876099
0.990556359 -0.001275979 -0.137100235 -9.595582962 0.000649497 0.999989152 -0.004614149 -0.422471553 0.137104630 0.004481529 0.990546405 164.463546753
0.990375519 -0.002663200 -0.138380677 -9.792497635 0.002294436 0.999993384 -0.002824305 -0.427140594 0.138387293 0.002479617 0.990375102 165.874191284
0.990148664 -0.002824771 -0.139991432 -10.009613037 0.002817781 0.999996006 -0.000248142 -0.424265832 0.139991581 -0.000148768 0.990152657 167.334838867
0.989990711 -0.001363684 -0.141125977 -10.221459389 0.001907740 0.999991238 0.003719884 -0.425329655 0.141119659 -0.003951882 0.989984632 168.765121460
0.989893734 -0.000678656 -0.141809672 -10.428544998 0.001279955 0.999990582 0.004149014 -0.422435343 0.141805530 -0.004288593 0.989885271 170.174896240
0.989890099 0.000932386 -0.141833305 -10.635144234 -0.001320391 0.999995649 -0.002641556 -0.418853074 0.141830221 0.002802126 0.989887059 171.578567505
0.989893615 0.003075609 -0.141778424 -10.843429565 -0.004611770 0.999934137 -0.010507636 -0.423273534 0.141736776 0.011055292 0.989842653 172.979476929
0.989923894 0.002897756 -0.141570762 -11.056274414 -0.004655237 0.999916136 -0.012084545 -0.433088899 0.141523883 0.012621825 0.989854395 174.392028809
0.989923298 0.000050234 -0.141604796 -11.254709244 -0.001211845 0.999966323 -0.008116963 -0.446481943 0.141599610 0.008206774 0.989889979 175.797866821
0.989900291 -0.002584759 -0.141741738 -11.455229759 0.001555434 0.999971628 -0.007372289 -0.455240637 0.141756773 0.007077361 0.989876211 177.196228027
