1.000000000 0.000000000 0.000000000 0.000000000 0.000000000 1.000000000 0.000000000 0.000000000 0.000000000 0.000000000 1.000000000 0.000000000
0.999991000 0.000451489 0.004212275 0.000258871 -0.000449195 0.999999762 -0.000545666 0.010209196 -0.004212521 0.000543769 0.999991000 1.286322832
0.999963224 -0.000466802 0.008566819 0.006306515 0.000480199 0.999998689 -0.001561743 0.004652998 -0.008566079 0.001565799 0.999962091 2.557248116
0.999922156 -0.001208802 0.012418869 0.019359579 0.001248338 0.999994159 -0.003176288 0.007989481 -0.012414956 0.003191543 0.999917865 3.822497845
0.999863029 -0.001891597 0.016443413 0.035568140 0.001944736 0.999992967 -0.003216210 0.008364425 -0.016437212 0.003247747 0.999859631 5.086636066
0.999794304 -0.000902342 0.020262873 0.053548168 0.000935467 0.999998212 -0.001625327 0.004822901 -0.020261372 0.001643948 0.999793351 6.378163815
0.999703228 0.000810019 0.024347333 0.078106187 -0.000825173 0.999999464 0.000612394 0.005965849 -0.024346823 -0.000632303 0.999703348 7.654150009
0.999598682 0.003700400 0.028085362 0.104208872 -0.003728495 0.999992609 0.000948059 0.009814872 -0.028081646 -0.001052395 0.999605060 8.929088593
0.999481916 0.005601367 0.031695146 0.138235345 -0.005598934 0.999984324 -0.000165510 0.012988405 -0.031695575 -0.000012034 0.999497592 10.188249588
0.999367535 0.007548341 0.034750167 0.177045882 -0.007496367 0.999970555 -0.001625695 0.018236183 -0.034761418 0.001364167 0.999394715 11.458358765
0.999285638 0.006175872 0.037283476 0.221358478 -0.006033530 0.999974072 -0.003929145 0.020044120 -0.037306774 0.003701387 0.999297023 12.717220306
0.999201894 0.005741516 0.039530296 0.264070541 -0.005439341 0.999955177 -0.007747436 0.019538112 -0.039573006 0.007526234 0.999188364 14.019253731
0.999125004 0.001519826 0.041795488 0.324572414 -0.001189964 0.999967933 -0.007916033 0.014226628 -0.041806180 0.007859372 0.999094844 15.284233093
0.999026000 -0.000575714 0.044121329 0.379383802 0.000860187 0.999978960 -0.006428801 0.008888514 -0.044116698 0.006460492 0.999005497 16.552690506
0.998902321 -0.003862741 0.046681963 0.441744953 0.004059071 0.999983311 -0.004111634 0.008076012 -0.046665303 0.004296606 0.998901367 17.814054489
0.998749852 -0.003695239 0.049850717 0.499047577 0.003798428 0.999990821 -0.001975396 0.003565736 -0.049842961 0.002162281 0.998754740 19.095472336
0.998545229 -0.005730975 0.053614769 0.567856789 0.005847500 0.999980867 -0.002016759 0.001739433 -0.053602185 0.002327338 0.998559654 20.353969574
0.998312831 -0.004570707 0.057884138 0.637507319 0.004761142 0.999983668 -0.003152447 -0.002427953 -0.057868786 0.003422723 0.998318315 21.642438889
0.998092353 -0.004359236 0.061584350 0.711116076 0.004601065 0.999982238 -0.003785528 -0.002394568 -0.061566751 0.004061660 0.998094678 22.899332047
0.997846544 -0.005948334 0.065321699 0.793357909 0.006045684 0.999980867 -0.001292750 0.000219320 -0.065312758 0.001684880 0.997863412 24.178478241
0.997567236 -0.006421977 0.069414310 0.878486514 0.006421496 0.999979377 0.000230070 0.003576855 -0.069414355 0.000216233 0.997587919 25.440752029
0.997342765 -0.006809484 0.072533354 0.973542690 0.006803406 0.999976814 0.000330858 0.002120237 -0.072533928 0.000163495 0.997365952 26.717443466
0.997153223 -0.007847876 0.074992552 1.068362832 0.008053858 0.999964595 -0.002444667 0.005730153 -0.074970715 0.003041687 0.997181118 27.964557648
0.997039557 -0.007871212 0.076486260 1.167955756 0.008115462 0.999962926 -0.002883080 0.007296144 -0.076460734 0.003495267 0.997066438 29.230655670
0.996985614 -0.007378493 0.077234887 1.263640285 0.007702671 0.999962747 -0.003900240 0.008772817 -0.077203229 0.004483398 0.997005284 30.485074997
0.996914268 -0.005017003 0.078337774 1.350112200 0.005447680 0.999971211 -0.005284954 -0.005977868 -0.078309000 0.005695405 0.996912837 31.758874893
0.996837735 -0.004179810 0.079353876 1.444219589 0.004917255 0.999946475 -0.009099994 -0.011786751 -0.079311594 0.009461421 0.996804953 33.013240814
0.996728480 -0.007054849 0.080514230 1.549154401 0.007733335 0.999937117 -0.008118195 -0.021682119 -0.080451898 0.008714280 0.996720374 34.283504486
0.996658921 -0.006446382 0.081421457 1.644139051 0.006838573 0.999966323 -0.004538856 -0.023761256 -0.081389457 0.005080498 0.996669412 35.537235260
0.996569753 -0.009263727 0.082237199 1.748717189 0.009373339 0.999955595 -0.000946888 -0.027517173 -0.082224779 0.001714477 0.996612310 36.803619385
0.996437192 -0.011121929 0.083601251 1.852750897 0.011139466 0.999937892 0.000256684 -0.022666082 -0.083598912 0.000675504 0.996499240 38.058753967
0.996305883 -0.010348482 0.085249409 1.960364580 0.010369816 0.999946237 0.000192581 -0.021947278 -0.085246816 0.000692151 0.996359646 39.303562164
0.996289670 -0.008437472 0.085649043 2.062694073 0.008384430 0.999964356 0.000979015 -0.021129845 -0.085654251 -0.000257265 0.996324897 40.539943695
0.996205509 -0.008307524 0.086634569 2.170093060 0.008398914 0.999964476 -0.000690430 -0.019609697 -0.086625755 0.001415447 0.996239901 41.782421112
0.996086240 -0.006543141 0.088144191 2.268559933 0.006707234 0.999976277 -0.001565594 -0.015266106 -0.088131852 0.002150670 0.996106505 43.013450623
0.995906174 -0.006014146 0.090192735 2.373556137 0.006108442 0.999981046 -0.000769496 -0.017757520 -0.090186402 0.001317283 0.995924056 44.273864746
0.995698929 -0.004669514 0.092530251 2.478850126 0.004554667 0.999988556 0.001452317 -0.019004580 -0.092535973 -0.001024626 0.995708823 45.497020721
0.995425105 -0.004391044 0.095444165 2.600210428 0.004286673 0.999989986 0.001298540 -0.017484073 -0.095448904 -0.000883461 0.995433927 46.744632721
0.995140195 -0.004052489 0.098384589 2.714307070 0.004085346 0.999991655 -0.000132509 -0.011195870 -0.098383233 0.000533800 0.995148480 47.970218658
0.994803190 -0.003579810 0.101753354 2.842971563 0.003630491 0.999993384 -0.000312890 -0.014394064 -0.101751558 0.000680678 0.994809628 49.184589386
0.994522393 -0.002707463 0.104488701 2.966847897 0.002684975 0.999996305 0.000355878 -0.010345956 -0.104489282 -0.000073379 0.994526029 50.391601562
0.994116724 -0.002678650 0.108281180 3.086601496 0.002625301 0.999996364 0.000635247 -0.016876202 -0.108282484 -0.000347239 0.994120121 51.629486084
0.993747354 -0.001239939 0.111645132 3.214963198 0.001274932 0.999999166 -0.000242038 -0.016218752 -0.111644737 0.000382864 0.993748128 52.834880829
0.993383646 -0.001527326 0.114832811 3.350842953 0.001624692 0.999998391 -0.000754312 -0.013485136 -0.114831470 0.000935889 0.993384540 54.045978546
0.993014276 -0.002518153 0.117967181 3.492570162 0.002683497 0.999995649 -0.001242793 -0.009995096 -0.117963530 0.001550676 0.993016720 55.244136810
0.992642760 -0.002538852 0.121053517 3.637305021 0.002908908 0.999991596 -0.002880342 -0.015282925 -0.121045195 0.003211284 0.992641807 56.443702698
0.992245793 -0.002208556 0.124271423 3.781470299 0.002878693 0.999982238 -0.005213227 -0.018939964 -0.124257706 0.005530542 0.992234588 57.634822845
0.991797566 -0.001794254 0.127806038 3.932295561 0.002533095 0.999980986 -0.005618650 -0.028532870 -0.127793521 0.005896308 0.991783261 58.813957214
0.991324067 -0.000862075 0.131437510 4.081775188 0.001442951 0.999989629 -0.004324230 -0.031322461 -0.131432414 0.004476371 0.991315007 59.994777679
0.990766287 -0.001168084 0.135575697 4.240345955 0.001888403 0.999984801 -0.005184557 -0.034349054 -0.135567576 0.005392706 0.990753412 61.168090820
0.990281582 -0.000910405 0.139074057 4.407773018 0.001484064 0.999990821 -0.004021200 -0.033648875 -0.139069110 0.004188515 0.990273833 62.333801270
0.989624918 0.000027173 0.143674910 4.569408894 0.000332721 0.999996841 -0.002480896 -0.044977132 -0.143674538 0.002502960 0.989621818 63.518100739
0.988896966 -0.000976423 0.148599714 4.743848324 0.001367088 0.999995887 -0.002526854 -0.042025868 -0.148596630 0.002701947 0.988894224 64.682899475
0.988092542 0.000515374 0.153859720 4.918939590 -0.000047354 0.999995351 -0.003045516 -0.042361747 -0.153860584 0.003001966 0.988088012 65.853981018
0.987225950 -0.000291797 0.159326062 5.103440762 0.000745393 0.999995828 -0.002787211 -0.040821619 -0.159324586 0.002870368 0.987222075 67.014625549
0.986348808 -0.000843953 0.164667383 5.297802448 0.001268009 0.999996126 -0.002470130 -0.045000900 -0.164664656 0.002645209 0.986346066 68.195373535
0.985429883 -0.000913449 0.170079634 5.492581844 0.001273906 0.999997139 -0.002010227 -0.041616313 -0.170077309 0.002197603 0.985428274 69.347282410
0.984546304 -0.000671772 0.175123200 5.694108009 0.001066935 0.999997079 -0.002162348 -0.052846156 -0.175121233 0.002315777 0.984544158 70.494987488
0.983465135 -0.002024124 0.181086212 5.903301716 0.002838673 0.999987006 -0.004239080 -0.055792566 -0.181075275 0.004683032 0.983458102 71.634124756
0.982469022 0.000538704 0.186425209 6.106906414 0.000364266 0.999988377 -0.004809311 -0.056598615 -0.186425641 0.004792908 0.982457399 72.759727478
0.981314659 0.000871463 0.192407951 6.319067478 -0.000253679 0.999994755 -0.003235416 -0.061497450 -0.192409754 0.003126151 0.981309712 73.882057190
0.980266869 0.001276141 0.197674558 6.536435604 -0.000897124 0.999997556 -0.002006916 -0.064985797 -0.197676644 0.001789974 0.980265677 74.992477417
0.979083121 0.001748898 0.203453019 6.759709835 -0.001739539 0.999998450 -0.000224831 -0.070294529 -0.203453109 -0.000133787 0.979084671 76.097312927
0.978087962 0.000500643 0.208191454 6.991402149 -0.000606623 0.999999702 0.000445206 -0.070185520 -0.208191171 -0.000561745 0.978088021 77.181175232
0.977185249 -0.000616040 0.212387741 7.225544453 0.000598980 0.999999821 0.000144665 -0.070447326 -0.212387800 -0.000014149 0.977185488 78.258613586
0.976502240 -0.001617273 0.215501189 7.456884384 0.002127903 0.999995470 -0.002137512 -0.073984966 -0.215496749 0.002545851 0.976501226 79.318084717
0.975856066 -0.004195206 0.218374193 7.695617199 0.005084797 0.999980927 -0.003511881 -0.076508150 -0.218355298 0.004537479 0.975858808 80.349006653
0.975142419 -0.005167409 0.221518844 7.921003819 0.005749296 0.999981523 -0.001982083 -0.083969533 -0.221504509 0.003206391 0.975154102 81.383857727
0.974417627 -0.006519987 0.224650443 8.148766518 0.006481189 0.999978602 0.000910137 -0.090426914 -0.224651575 0.000569148 0.974438965 82.383125305
0.973927736 -0.006360468 0.226769179 8.378376961 0.005983831 0.999979317 0.002348280 -0.095235191 -0.226779431 -0.000930106 0.973945677 83.400375366
0.973465204 -0.007424657 0.228714645 8.613745689 0.007181827 0.999972403 0.001894032 -0.094342507 -0.228722394 -0.000201186 0.973491669 84.374549866
0.973018110 -0.008094529 0.230586722 8.842677116 0.008183340 0.999966323 0.000571231 -0.101210915 -0.230583593 0.001331151 0.973051608 85.336143494
0.972621679 -0.008112251 0.232252598 9.066658020 0.008685185 0.999961257 -0.001444385 -0.099682644 -0.232231885 0.003421997 0.972654462 86.273857117
0.972286284 -0.008074560 0.233654067 9.285029411 0.009184541 0.999951124 -0.003662840 -0.104998447 -0.233613074 0.005707334 0.972312868 87.199249268
0.971984744 -0.009380125 0.234856740 9.510779381 0.010916355 0.999926686 -0.005241893 -0.111526452 -0.234790355 0.007658820 0.972015858 88.123703003
0.971694827 -0.010822871 0.235991672 9.729824066 0.012538422 0.999904752 -0.005770033 -0.119849831 -0.235906750 0.008565674 0.971737921 89.021217346
0.971319020 -0.011231143 0.237514600 9.953649521 0.012398939 0.999917269 -0.003423414 -0.121074282 -0.237456501 0.006270156 0.971377969 89.937850952
0.970892429 -0.009566315 0.239324927 10.167661667 0.009894655 0.999951005 -0.000170480 -0.122289978 -0.239311576 0.002533555 0.970939517 90.822052002
0.970513284 -0.008819350 0.240886331 10.384481430 0.008762998 0.999960780 0.001305174 -0.129199699 -0.240888387 0.000844197 0.970552444 91.715354919
0.970054090 -0.006127810 0.242811710 10.591452599 0.006396579 0.999979496 -0.000318532 -0.131256223 -0.242804781 0.001862157 0.970073402 92.566551208
0.969555199 -0.004633658 0.244829074 10.795564651 0.005366456 0.999982893 -0.002326101 -0.130820706 -0.244814113 0.003569148 0.969563484 93.399589539
0.969112992 -0.004014415 0.246584445 11.011378288 0.004991519 0.999981999 -0.003337613 -0.137054056 -0.246566609 0.004465356 0.969115555 94.257812500
0.968720019 -0.003275527 0.248134553 11.215150833 0.004245910 0.999985278 -0.003375668 -0.143144488 -0.248119846 0.004323634 0.968719721 95.067092896
0.968378961 -0.003366946 0.249461040 11.420803070 0.004388490 0.999984086 -0.003538945 -0.149142742 -0.249445155 0.004521797 0.968378365 95.848464966
0.967947960 -0.004422031 0.251111954 11.623486519 0.005563272 0.999977171 -0.003835052 -0.155517548 -0.251089275 0.005109135 0.967950463 96.638153076
0.967611194 -0.004838582 0.252398729 11.822620392 0.005910566 0.999976456 -0.003489169 -0.158525035 -0.252375901 0.004867979 0.967617035 97.394706726
0.967212915 -0.004913724 0.253919274 12.015830040 0.005920412 0.999977350 -0.003200565 -0.164671436 -0.253897816 0.004598935 0.967220128 98.124610901
0.966805220 -0.005264032 0.255460173 12.207710266 0.006221044 0.999976337 -0.002938349 -0.170298025 -0.255438656 0.004430040 0.966815114 98.854583740
0.966444492 -0.005546289 0.256815583 12.390078545 0.006472906 0.999975204 -0.002762888 -0.171556920 -0.256793886 0.004332521 0.966456473 99.539970398
0.965995431 -0.006344492 0.258481205 12.568613052 0.007147358 0.999972105 -0.002166506 -0.178779632 -0.258460253 0.003940293 0.966013849 100.203506470
0.965550184 -0.006444395 0.260137081 12.745967865 0.007162939 0.999972701 -0.001814265 -0.187762976 -0.260118276 0.003615110 0.965569973 100.891189575
0.965185642 -0.006603307 0.261482537 12.918184280 0.007385899 0.999970675 -0.002010269 -0.191543192 -0.261461616 0.003871566 0.965206146 101.522941589
0.964714468 -0.006151920 0.263226360 13.084640503 0.006986782 0.999973118 -0.002235702 -0.193047523 -0.263205528 0.003995919 0.964731514 102.135742188
0.964278162 -0.005834287 0.264827520 13.252161980 0.006551764 0.999976873 -0.001825985 -0.198944762 -0.264810741 0.003495845 0.964294076 102.744216919
0.963819742 -0.005754428 0.266492754 13.406409264 0.006420845 0.999978065 -0.001629445 -0.203011364 -0.266477525 0.003281600 0.963835537 103.320869446
0.963372767 -0.005881799 0.268101364 13.570545197 0.006665614 0.999975741 -0.002013471 -0.202954322 -0.268083036 0.003726783 0.963388622 103.881660461
0.962908447 -0.005693806 0.269768178 13.718995094 0.006461092 0.999977231 -0.001956361 -0.208448142 -0.269750893 0.003626793 0.962923288 104.416221619
0.962385952 -0.005887663 0.271622181 13.862774849 0.006589796 0.999976873 -0.001672912 -0.211453155 -0.271606058 0.003399922 0.962402523 104.943161011
0.961988449 -0.005747359 0.273029625 14.008907318 0.006441153 0.999977887 -0.001644813 -0.216348186 -0.273014128 0.003340916 0.962004244 105.455017090
0.961554050 -0.005046682 0.274569422 14.144369125 0.005772270 0.999981642 -0.001834727 -0.217959255 -0.274555117 0.003349078 0.961565554 105.936035156
0.961153865 -0.004277234 0.275980085 14.281257629 0.005208964 0.999982953 -0.002643144 -0.218916729 -0.275964081 0.003978038 0.961159706 106.406585693
0.960833192 -0.003300557 0.277107656 14.417889595 0.004289949 0.999986410 -0.002964239 -0.221183807 -0.277094096 0.004036916 0.960834324 106.860885620
0.960371256 -0.003138752 0.278706312 14.540685654 0.004110523 0.999987364 -0.002902396 -0.227197304 -0.278693676 0.003933006 0.960371971 107.299468994
0.960034907 -0.003089436 0.279863298 14.664227486 0.004025698 0.999988079 -0.002770681 -0.228353098 -0.279851407 0.003786595 0.960035861 107.718017578
0.959681988 -0.003861172 0.281061590 14.785151482 0.004749730 0.999985635 -0.002480288 -0.229936630 -0.281047970 0.003715254 0.959686518 108.124855042
0.959375024 -0.003896388 0.282106996 14.902481079 0.004744642 0.999986053 -0.002323790 -0.233211040 -0.282094002 0.003567883 0.959380150 108.520149231
0.959287405 -0.003984487 0.282403618 15.014287949 0.004702300 0.999987185 -0.001864073 -0.235513359 -0.282392591 0.003116128 0.959293842 108.897994995
0.959258616 -0.003900575 0.282502502 15.119554520 0.004515729 0.999988616 -0.001526436 -0.238840908 -0.282493323 0.002739951 0.959265351 109.262176514
0.959226251 -0.003258705 0.282620639 15.219197273 0.003789117 0.999991953 -0.001330201 -0.240126163 -0.282614022 0.002346846 0.959230840 109.615249634
0.959259689 -0.002360659 0.282515973 15.314785004 0.002954911 0.999994218 -0.001677363 -0.241561353 -0.282510400 0.002443836 0.959261119 109.943717957
0.959315956 -0.001929603 0.282328069 15.407364845 0.002644984 0.999994159 -0.002152757 -0.240887880 -0.282322258 0.002811928 0.959315479 110.254814148
0.959301054 -0.002040921 0.282378078 15.491986275 0.002711294 0.999994338 -0.001983289 -0.242150858 -0.282372415 0.002668181 0.959301174 110.568336487
0.959299684 -0.002656159 0.282377601 15.578951836 0.003396147 0.999991953 -0.002131136 -0.242093831 -0.282369673 0.003003394 0.959300995 110.857192993
0.959280670 -0.002836417 0.282440305 15.657733917 0.003568349 0.999991477 -0.002077094 -0.246154696 -0.282432020 0.003000362 0.959282637 111.127899170
0.959297419 -0.003317204 0.282378167 15.740434647 0.004104198 0.999989152 -0.002195562 -0.245121449 -0.282367826 0.003265133 0.959300637 111.401985168
0.959300101 -0.003495099 0.282366902 15.810433388 0.004300570 0.999988258 -0.002232837 -0.246131405 -0.282355785 0.003356299 0.959303916 111.648971558
0.959295511 -0.003606367 0.282381266 15.881573677 0.004417578 0.999987721 -0.002236124 -0.249875337 -0.282369733 0.003392545 0.959299684 111.887504578
0.959259033 -0.003827441 0.282502115 15.948041916 0.004551146 0.999987841 -0.001905590 -0.249104902 -0.282491386 0.003113663 0.959264755 112.115036011
0.959280491 -0.003478348 0.282433808 16.013441086 0.004223105 0.999989033 -0.002028198 -0.250747919 -0.282423675 0.003138359 0.959284663 112.337684631
0.959295988 -0.002772697 0.282388955 16.070966721 0.003407619 0.999992669 -0.001757288 -0.251793653 -0.282382011 0.002648034 0.959298372 112.540496826
0.959249020 -0.002785431 0.282548428 16.125598907 0.003331874 0.999993384 -0.001453501 -0.250853658 -0.282542527 0.002335685 0.959251940 112.730812073
0.959201455 -0.003306238 0.282704085 16.177757263 0.003905262 0.999991179 -0.001555425 -0.250854731 -0.282696456 0.002596000 0.959205925 112.906501770
0.959199846 -0.003771354 0.282703787 16.227315903 0.004378245 0.999989271 -0.001515010 -0.250935167 -0.282695025 0.002690944 0.959206045 113.075912476
0.959184885 -0.004536811 0.282743305 16.273763657 0.005168457 0.999985516 -0.001488135 -0.251505613 -0.282732457 0.002888743 0.959194481 113.237228394
0.959152102 -0.004895127 0.282848597 16.319269180 0.005620255 0.999982655 -0.001752306 -0.251297593 -0.282835126 0.003270409 0.959162951 113.383972168
0.959154606 -0.005181702 0.282834888 16.359975815 0.005828252 0.999981999 -0.001444611 -0.252850056 -0.282822311 0.003034038 0.959167540 113.521690369
0.959092796 -0.005137351 0.283045262 16.393831253 0.005673424 0.999983311 -0.001074297 -0.253496349 -0.283035010 0.002636186 0.959105968 113.654670715
0.959137857 -0.005593949 0.282883972 16.435384750 0.006261314 0.999979317 -0.001455119 -0.253823996 -0.282869965 0.003166884 0.959153056 113.779502869
0.959158659 -0.005792167 0.282809407 16.472419739 0.006451386 0.999978185 -0.001399747 -0.253261983 -0.282795131 0.003167092 0.959175110 113.899757385
0.959127963 -0.005726264 0.282914758 16.504175186 0.006381991 0.999978662 -0.001396197 -0.253750443 -0.282900751 0.003144691 0.959144056 114.009689331
0.959185600 -0.005496370 0.282723933 16.532182693 0.006174779 0.999979794 -0.001508537 -0.255662620 -0.282709926 0.003192725 0.959200144 114.114112854
0.959204733 -0.005371184 0.282661289 16.568748474 0.006160550 0.999979198 -0.001903891 -0.253585577 -0.282645196 0.003567569 0.959217906 114.221565247
0.959197104 -0.004960264 0.282694846 16.595296860 0.005801438 0.999980867 -0.002138538 -0.253275782 -0.282678813 0.003691315 0.959207535 114.328567505
0.959281087 -0.005776333 0.282394141 16.630458832 0.006611758 0.999976158 -0.002005492 -0.255500227 -0.282375813 0.003790952 0.959296346 114.425643921
0.959188104 -0.005701814 0.282711267 16.657936096 0.006492827 0.999977171 -0.001861116 -0.257254243 -0.282694221 0.003620756 0.959203243 114.535621643
0.959179819 -0.005338858 0.282746524 16.686502457 0.006180973 0.999978721 -0.002086390 -0.255274773 -0.282729387 0.003748872 0.959192395 114.636566162
0.959199846 -0.004533507 0.282692552 16.710540771 0.005689504 0.999978483 -0.003268434 -0.255999386 -0.282671660 0.004743461 0.959205031 114.732299805
0.959227026 -0.003978201 0.282608777 16.741184235 0.005405799 0.999976277 -0.004271918 -0.257830679 -0.282585084 0.005625465 0.959225774 114.828292847
0.959059775 -0.003822411 0.283177942 16.768039703 0.005268607 0.999976695 -0.004345630 -0.257433712 -0.283154726 0.005659672 0.959057570 114.919967651
0.958855867 -0.003563090 0.283870935 16.795761108 0.004917851 0.999979675 -0.004059921 -0.254644722 -0.283850700 0.005288914 0.958853900 115.017326355
0.958861113 -0.003643006 0.283852249 16.822521210 0.005096056 0.999977410 -0.004380751 -0.259989828 -0.283829868 0.005647059 0.958858013 115.105308533
0.958715618 -0.003223288 0.284348369 16.849653244 0.004810992 0.999976516 -0.004885421 -0.254530221 -0.284325927 0.006051727 0.958708584 115.200592041
0.958587289 -0.003596521 0.284776300 16.875276566 0.005114079 0.999976397 -0.004585545 -0.255711764 -0.284753084 0.005852013 0.958583057 115.288467407
0.958560586 -0.003795472 0.284863532 16.906299591 0.005322178 0.999975324 -0.004585535 -0.257909924 -0.284839094 0.005911608 0.958557129 115.370559692
0.958335042 -0.003496227 0.285625070 16.926277161 0.004897084 0.999979258 -0.004190435 -0.257773221 -0.285604477 0.005414571 0.958332300 115.462242126
0.958312690 -0.004107066 0.285691947 16.952487946 0.005475438 0.999977052 -0.003991045 -0.258299887 -0.285668999 0.005388957 0.958313227 115.538162231
0.958243668 -0.004167580 0.285922647 16.978031158 0.005609246 0.999975324 -0.004223335 -0.257774264 -0.285898000 0.005650794 0.958243370 115.616516113
0.958145022 -0.004514561 0.286247581 17.001283646 0.005928282 0.999974132 -0.004072384 -0.258594632 -0.286221802 0.005598890 0.958147049 115.685989380
0.958040774 -0.004609438 0.286594838 17.020980835 0.006098196 0.999972165 -0.004302279 -0.257721961 -0.286567032 0.005869470 0.958042204 115.752441406
0.957998395 -0.004794887 0.286733538 17.039405823 0.006355290 0.999969602 -0.004511564 -0.257648289 -0.286703199 0.006144346 0.957999766 115.814483643
0.957898319 -0.004956316 0.287064940 17.056272507 0.006402573 0.999971092 -0.004099562 -0.258148879 -0.287036330 0.005764917 0.957902372 115.876052856
0.957889855 -0.004899398 0.287094176 17.074447632 0.006395932 0.999970436 -0.004275059 -0.257875502 -0.287064731 0.005931271 0.957892835 115.931182861
0.957798183 -0.004971188 0.287398458 17.092086792 0.006621938 0.999966681 -0.004771974 -0.256308466 -0.287365168 0.006473723 0.957799196 115.989593506
0.957740724 -0.005192828 0.287586123 17.107599258 0.006747942 0.999967456 -0.004416484 -0.258052409 -0.287553847 0.006170461 0.957744598 116.041976929
0.957714021 -0.005331640 0.287672430 17.124351501 0.006891039 0.999966562 -0.004408428 -0.257393956 -0.287639290 0.006204375 0.957718730 116.094421387
0.957629502 -0.005513998 0.287950158 17.140464783 0.007049229 0.999965906 -0.004294979 -0.258226901 -0.287916660 0.006142825 0.957635760 116.146873474
0.957536936 -0.005519260 0.288257837 17.156448364 0.007050972 0.999966025 -0.004275664 -0.257304788 -0.288224429 0.006126604 0.957543314 116.199462891
0.957523108 -0.005558448 0.288302958 17.170118332 0.007214816 0.999962986 -0.004682961 -0.257229418 -0.288266242 0.006564096 0.957527816 116.236694336
0.957510114 -0.005695332 0.288343459 17.181560516 0.007379677 0.999961495 -0.004754756 -0.259350598 -0.288305253 0.006680608 0.957515240 116.277648926
0.957481086 -0.005972445 0.288434207 17.194276810 0.007656719 0.999959588 -0.004711506 -0.258248657 -0.288394421 0.006719638 0.957488120 116.312644958
0.957411468 -0.005963336 0.288665384 17.202323914 0.007701286 0.999958396 -0.004885282 -0.257121265 -0.288624257 0.006900319 0.957417607 116.345794678
0.957412481 -0.006091689 0.288659334 17.212202072 0.007838945 0.999957263 -0.004897383 -0.257455707 -0.288617164 0.006951600 0.957419336 116.373283386
0.957345188 -0.006162835 0.288880914 17.217718124 0.007906503 0.999956906 -0.004869423 -0.257278830 -0.288838476 0.006945757 0.957352638 116.394218445
0.957304001 -0.006048534 0.289019793 17.226768494 0.007810409 0.999957263 -0.004943124 -0.256313056 -0.288977534 0.006989435 0.957310379 116.418395996
0.957271695 -0.006066954 0.289126366 17.228038788 0.007830685 0.999957144 -0.004943858 -0.256624162 -0.289083987 0.006996673 0.957278192 116.435623169
0.957243085 -0.006112782 0.289220124 17.232992172 0.007878712 0.999956727 -0.004942000 -0.257001221 -0.289177388 0.007009378 0.957249880 116.447891235
0.957224309 -0.005965196 0.289285392 17.234985352 0.007707351 0.999958396 -0.004883472 -0.256540596 -0.289244235 0.006904203 0.957230449 116.456100464
0.957209408 -0.005782564 0.289338410 17.237665176 0.007517815 0.999959826 -0.004886291 -0.257281840 -0.289298534 0.006852397 0.957214415 116.462776184
0.957201600 -0.005906959 0.289361626 17.237277985 0.007622255 0.999959409 -0.004801313 -0.257678390 -0.289321542 0.006801413 0.957207799 116.463867188
0.957221091 -0.005910619 0.289297253 17.236787796 0.007623217 0.999959469 -0.004793425 -0.257952720 -0.289257199 0.006793743 0.957227290 116.460823059
0.957258999 -0.006003209 0.289169729 17.239269257 0.007840504 0.999955773 -0.005195735 -0.258079469 -0.289125741 0.007240900 0.957263768 116.461181641
0.957229674 -0.006087618 0.289265126 17.240550995 0.007960572 0.999954283 -0.005298793 -0.256742597 -0.289219648 0.007374878 0.957234383 116.467071533
0.957245231 -0.006255287 0.289209962 17.239419937 0.008031798 0.999955475 -0.004956234 -0.258799076 -0.289166093 0.007067207 0.957252860 116.463401794
0.957224965 -0.006199299 0.289278388 17.240577698 0.008044951 0.999954164 -0.005191582 -0.256778240 -0.289232939 0.007296742 0.957230926 116.468254089
0.957230449 -0.006026026 0.289263904 17.240810394 0.007921513 0.999954164 -0.005382504 -0.256645590 -0.289218217 0.007443704 0.957234263 116.468376160
0.957235456 -0.006003379 0.289247662 17.240310669 0.007855459 0.999955416 -0.005242608 -0.256698668 -0.289203286 0.007290583 0.957239926 116.466796875
0.957238197 -0.006047338 0.289237738 17.240989685 0.007880685 0.999955535 -0.005174373 -0.256871939 -0.289193571 0.007232498 0.957243323 116.467086792
0.957240582 -0.006169524 0.289227337 17.241600037 0.008026251 0.999954104 -0.005233989 -0.257554859 -0.289181769 0.007331597 0.957246125 116.466629028
0.957225680 -0.006046166 0.289279282 17.240915298 0.007886645 0.999955416 -0.005197065 -0.257715821 -0.289234966 0.007256208 0.957230628 116.469039917
0.957211375 -0.006112781 0.289325118 17.240013123 0.007942122 0.999955177 -0.005149165 -0.256853610 -0.289280683 0.007226695 0.957217038 116.469863892
0.957231998 -0.006147201 0.289256126 17.241170883 0.007980008 0.999954879 -0.005157349 -0.258401185 -0.289211392 0.007245046 0.957237840 116.466400146
0.957245946 -0.006135805 0.289210260 17.240219116 0.007982136 0.999954581 -0.005205007 -0.258870214 -0.289165199 0.007290987 0.957251430 116.461593628
0.957236588 -0.006213051 0.289239556 17.241130829 0.008037604 0.999954581 -0.005120739 -0.258113176 -0.289194614 0.007226552 0.957243085 116.464347839
0.957241356 -0.006206883 0.289223969 17.240917206 0.008045922 0.999954283 -0.005170005 -0.257989734 -0.289178669 0.007276016 0.957247496 116.463829041
0.957251489 -0.006107630 0.289192498 17.242591858 0.007983197 0.999954045 -0.005306423 -0.256221235 -0.289146811 0.007388262 0.957256258 116.466911316
0.957256675 -0.006205536 0.289173275 17.242971420 0.008038244 0.999954402 -0.005150578 -0.258696914 -0.289128125 0.007254870 0.957262933 116.467910767
0.957276165 -0.006246640 0.289107889 17.243648529 0.008084738 0.999953985 -0.005164074 -0.258036494 -0.289062321 0.007280806 0.957282603 116.465766907
0.957255960 -0.006152363 0.289176702 17.243459702 0.007998205 0.999954462 -0.005201824 -0.257891983 -0.289131522 0.007292371 0.957261622 116.465599060
0.957236230 -0.006131103 0.289242476 17.241041183 0.008007753 0.999953866 -0.005305205 -0.257404447 -0.289196610 0.007394517 0.957241178 116.466293335
0.957285166 -0.006329688 0.289076179 17.244005203 0.008158451 0.999953628 -0.005121730 -0.258550525 -0.289030343 0.007261370 0.957292378 116.467262268
0.957284272 -0.006275764 0.289080381 17.242444992 0.008116550 0.999953687 -0.005169400 -0.259178966 -0.289034545 0.007294921 0.957290888 116.462341309
0.957244337 -0.006105480 0.289216161 17.242488861 0.007947013 0.999954939 -0.005193445 -0.258064300 -0.289171427 0.007269800 0.957249761 116.467575073
0.957271576 -0.006299451 0.289121926 17.241645813 0.008142593 0.999953449 -0.005172611 -0.259328574 -0.289075881 0.007305795 0.957278311 116.462646484
0.957271159 -0.006246183 0.289124459 17.242340088 0.008097465 0.999953628 -0.005207367 -0.258667529 -0.289078534 0.007326037 0.957277358 116.462516785
0.957259119 -0.006204506 0.289165169 17.241933823 0.008051613 0.999954045 -0.005198618 -0.258279502 -0.289119631 0.007304671 0.957265079 116.464355469
0.957279027 -0.006258103 0.289098173 17.242948532 0.008108415 0.999953568 -0.005203087 -0.258343339 -0.289052188 0.007324934 0.957285345 116.463310242
0.957272351 -0.006218245 0.289121032 17.242452621 0.008069539 0.999953866 -0.005211615 -0.257755250 -0.289075285 0.007322009 0.957278371 116.463203430
0.957278192 -0.006226808 0.289101511 17.243032455 0.008087583 0.999953568 -0.005242271 -0.257422388 -0.289055437 0.007356444 0.957284093 116.464576721
0.957266271 -0.006080788 0.289144069 17.242406845 0.007946867 0.999954462 -0.005280264 -0.257051468 -0.289098799 0.007352408 0.957271039 116.465972900
0.957266629 -0.006166785 0.289141119 17.243659973 0.007992797 0.999954879 -0.005134971 -0.258850664 -0.289096385 0.007226582 0.957272708 116.464149475
0.957268953 -0.006165167 0.289133519 17.244165421 0.008021325 0.999954104 -0.005235232 -0.257807583 -0.289087951 0.007330758 0.957274497 116.465225220
0.957248747 -0.006167651 0.289200366 17.242267609 0.008014599 0.999954343 -0.005202607 -0.258177936 -0.289155066 0.007298014 0.957254469 116.464447021
0.957238019 -0.006202483 0.289235085 17.241186142 0.008033701 0.999954522 -0.005144478 -0.258791625 -0.289189994 0.007248119 0.957244277 116.464302063
0.957249522 -0.006230221 0.289196342 17.242252350 0.008077468 0.999953866 -0.005194461 -0.258335948 -0.289150625 0.007308370 0.957255721 116.464744568
0.957256138 -0.006121659 0.289176881 17.242713928 0.007961973 0.999954820 -0.005188051 -0.257132977 -0.289132059 0.007268711 0.957261622 116.468093872
0.957254052 -0.006081793 0.289184570 17.241527557 0.007901450 0.999955654 -0.005125350 -0.258203894 -0.289140582 0.007191239 0.957259655 116.464019775
0.957237124 -0.006150971 0.289239049 17.240575790 0.008008905 0.999954224 -0.005240413 -0.256522715 -0.289193571 0.007332806 0.957242548 116.466812134
0.957263350 -0.006156479 0.289152086 17.242824554 0.007978486 0.999955058 -0.005122944 -0.258254230 -0.289107561 0.007211002 0.957269490 116.466079712
0.957255006 -0.006167263 0.289179474 17.241052628 0.008000621 0.999954700 -0.005158219 -0.258609027 -0.289134562 0.007251346 0.957261026 116.462318420
0.957263589 -0.006129549 0.289151907 17.241495132 0.007943263 0.999955475 -0.005099469 -0.258992612 -0.289107770 0.007178346 0.957269669 116.462814331
0.957271576 -0.006164653 0.289124697 17.243074417 0.008024243 0.999954045 -0.005246905 -0.256793648 -0.289079070 0.007342719 0.957277060 116.465560913
0.957242191 -0.006121451 0.289223015 17.241548538 0.007993377 0.999954045 -0.005291515 -0.257572472 -0.289177328 0.007377130 0.957247138 116.464782715
0.957252741 -0.005972681 0.289191157 17.241250992 0.007817130 0.999955833 -0.005223368 -0.256384790 -0.289147168 0.007260728 0.957257152 116.465377808
0.957238138 -0.006068157 0.289237559 17.240224838 0.007909353 0.999955237 -0.005197283 -0.257326692 -0.289193064 0.007262719 0.957243264 116.466224670
0.957246065 -0.006165652 0.289209306 17.242710114 0.008032413 0.999953866 -0.005268256 -0.256477267 -0.289163470 0.007366065 0.957251430 116.468696594
0.957236648 -0.006052863 0.289242655 17.238496780 0.007887100 0.999955475 -0.005176370 -0.257416189 -0.289198458 0.007236297 0.957241833 116.462341309
0.957238078 -0.006147976 0.289235950 17.242385864 0.007997885 0.999954402 -0.005214377 -0.257760167 -0.289190710 0.007304676 0.957243621 116.465194702
0.957250059 -0.006229313 0.289194524 17.243124008 0.008062572 0.999954224 -0.005148336 -0.257772982 -0.289149195 0.007259897 0.957256496 116.467826843
0.957240105 -0.006185870 0.289228410 17.242492676 0.008047981 0.999953806 -0.005249367 -0.257360816 -0.289182574 0.007352609 0.957245708 116.466171265
0.957245171 -0.006185019 0.289211690 17.241212845 0.008018089 0.999954581 -0.005153803 -0.257714480 -0.289166659 0.007252378 0.957251310 116.467605591
0.957236230 -0.006031815 0.289244503 17.239934921 0.007877950 0.999955356 -0.005218813 -0.257442236 -0.289200097 0.007274291 0.957241058 116.465797424
0.957228184 -0.006191076 0.289267778 17.241151810 0.008043773 0.999954045 -0.005216395 -0.257943273 -0.289222181 0.007320085 0.957234025 116.466636658
0.957235038 -0.006002603 0.289249122 17.241714478 0.007846659 0.999955595 -0.005216127 -0.256920695 -0.289204985 0.007262698 0.957239628 116.469184875
0.957228720 -0.006148478 0.289266974 17.241941452 0.007997924 0.999954462 -0.005211950 -0.257402629 -0.289221764 0.007302563 0.957234263 116.465362549
0.957225084 -0.006099600 0.289279968 17.242187500 0.007949033 0.999954760 -0.005218783 -0.257355988 -0.289235055 0.007295046 0.957230330 116.467018127
0.957239687 -0.006176532 0.289230078 17.242574692 0.008031542 0.999954104 -0.005227196 -0.257389188 -0.289184511 0.007326644 0.957245350 116.466339111
0.957255244 -0.006191371 0.289178193 17.243013382 0.008054562 0.999953747 -0.005253462 -0.257115841 -0.289132297 0.007358108 0.957260847 116.465621948
0.957252383 -0.006104856 0.289189517 17.242660522 0.007944127 0.999954998 -0.005186748 -0.257613778 -0.289144844 0.007262385 0.957257807 116.465568542
0.957238197 -0.006141234 0.289235651 17.241359711 0.007966207 0.999955118 -0.005132840 -0.258337855 -0.289191157 0.007217462 0.957244158 116.463768005
0.957241595 -0.006107625 0.289225131 17.244720459 0.007950305 0.999954879 -0.005196692 -0.256920755 -0.289180368 0.007273918 0.957247019 116.469841003
0.957250655 -0.006085703 0.289195657 17.244031906 0.007926956 0.999955058 -0.005195979 -0.257696688 -0.289151043 0.007266295 0.957255900 116.468368530
0.957257867 -0.006127306 0.289170951 17.243919373 0.008016723 0.999953568 -0.005349948 -0.256252557 -0.289124757 0.007439483 0.957262516 116.466217041
0.957230687 -0.006030083 0.289262950 17.241949081 0.007870816 0.999955475 -0.005200707 -0.257407099 -0.289218724 0.007255012 0.957235575 116.467735291
