1.000000000 0.000000000 0.000000000 0.000000000 0.000000000 1.000000000 0.000000000 0.000000000 0.000000000 0.000000000 1.000000000 0.000000000
1.000000000 0.000013676 -0.000021943 0.000662792 -0.000013676 1.000000000 0.000040319 -0.000119190 0.000021943 -0.000040318 1.000000000 0.000555045
1.000000000 -0.000012292 0.000016264 0.000073145 0.000012292 1.000000000 0.000005862 0.000243572 -0.000016264 -0.000005862 1.000000000 0.000865047
1.000000000 -0.000035670 -0.000012993 0.000233498 0.000035671 1.000000000 0.000023025 -0.000084264 0.000012992 -0.000023025 1.000000000 -0.000354499
1.000000000 0.000054925 0.000009002 -0.000192219 -0.000054925 1.000000000 0.000038905 -0.000373873 -0.000009000 -0.000038905 1.000000000 -0.000337049
1.000000000 0.000041423 -0.000019329 -0.000139479 -0.000041422 1.000000000 0.000031233 -0.000339599 0.000019330 -0.000031233 1.000000000 -0.000209463
1.000000000 -0.000010756 0.000012452 0.000086582 0.000010755 1.000000000 0.000082262 -0.000678239 -0.000012453 -0.000082261 1.000000000 -0.000193767
1.000000000 -0.000016033 -0.000010403 0.000468885 0.000016034 1.000000000 0.000049487 -0.001020565 0.000010402 -0.000049487 1.000000000 -0.000623320
1.000000000 -0.000015344 -0.000027091 0.000539154 0.000015346 1.000000000 0.000062988 -0.000465673 0.000027090 -0.000062989 1.000000000 0.000015257
1.000000000 0.000043855 -0.000007097 0.000209664 -0.000043855 1.000000000 0.000045657 -0.000353032 0.000007099 -0.000045657 1.000000000 -0.000693293
1.000000000 0.000038876 -0.000013548 0.000212048 -0.000038876 1.000000000 -0.000014170 0.000031756 0.000013548 0.000014170 1.000000000 0.000029871
1.000000000 0.000023692 -0.000031480 0.000440773 -0.000023690 1.000000000 0.000064971 -0.000380495 0.000031482 -0.000064970 1.000000000 -0.000250676
1.000000000 0.000018708 -0.000004879 0.000381221 -0.000018708 1.000000000 0.000036908 -0.000341746 0.000004880 -0.000036908 1.000000000 0.000872542
1.000000000 0.000030592 0.000006154 -0.000143759 -0.000030592 1.000000000 0.000056742 -0.000467212 -0.000006152 -0.000056743 1.000000000 0.000256244
1.000000000 0.000000909 -0.000006292 0.000177308 -0.000000908 1.000000000 0.000062941 -0.000745962 0.000006292 -0.000062941 1.000000000 0.000289790
1.000000000 -0.000039121 0.000029645 0.000089384 0.000039120 1.000000000 0.000025480 -0.000515510 -0.000029646 -0.000025479 1.000000000 0.000565229
1.000000000 0.000000912 0.000026599 -0.000427265 -0.000000914 1.000000000 0.000072428 -0.000526458 -0.000026599 -0.000072428 1.000000000 -0.000165741
1.000000000 -0.000016330 0.000040834 -0.000029780 0.000016328 1.000000000 0.000043431 -0.000694110 -0.000040835 -0.000043431 1.000000000 -0.000348410
1.000000000 0.000014845 0.000008937 0.000186969 -0.000014846 1.000000000 0.000075031 -0.000721248 -0.000008936 -0.000075032 1.000000000 -0.000123416
1.000000000 0.000039341 0.000007360 -0.000020005 -0.000039341 1.000000000 0.000031497 -0.000516799 -0.000007358 -0.000031498 1.000000000 -0.000200026
1.000000000 0.000018610 -0.000000254 0.000413750 -0.000018610 1.000000000 0.000005051 -0.000123311 0.000000254 -0.000005051 1.000000000 0.000263117
1.000000000 0.000036286 0.000009585 -0.000406842 -0.000036287 1.000000000 0.000075758 -0.000496686 -0.000009582 -0.000075759 1.000000000 -0.000583265
1.000000000 0.000004183 0.000005565 -0.000189228 -0.000004183 1.000000000 0.000032210 -0.000639525 -0.000005565 -0.000032210 1.000000000 -0.000490415
1.000000000 0.000039437 0.000026119 -0.000272120 -0.000039439 1.000000000 0.000042670 -0.000250836 -0.000026117 -0.000042671 1.000000000 0.000888770
1.000000000 0.000064281 0.000049640 -0.000549426 -0.000064284 1.000000000 0.000058890 -0.000697217 -0.000049636 -0.000058894 1.000000000 -0.000963939
1.000000000 -0.000045631 0.000005628 0.000380813 0.000045631 1.000000000 0.000031021 -0.000593802 -0.000005629 -0.000031020 1.000000000 0.000162360
1.000000000 0.000004203 -0.000009176 0.000194083 -0.000004203 1.000000000 0.000051842 -0.000452076 0.000009176 -0.000051842 1.000000000 -0.000056791
1.000000000 -0.000013336 0.000001636 0.000210286 0.000013336 1.000000000 0.000028961 -0.000554316 -0.000001636 -0.000028961 1.000000000 -0.000558086
1.000000000 0.000032111 0.000008938 -0.000009191 -0.000032111 1.000000000 0.000022219 -0.000096259 -0.000008937 -0.000022219 1.000000000 -0.000570856
1.000000000 -0.000026900 0.000002112 0.000109238 0.000026900 1.000000000 0.000046172 -0.000464742 -0.000002113 -0.000046172 1.000000000 0.000096934
1.000000000 -0.000005667 0.000003473 0.000508952 0.000005667 1.000000000 0.000014193 -0.000310014 -0.000003473 -0.000014193 1.000000000 0.000753913
1.000000000 0.000010837 -0.000061837 0.001092367 -0.000010833 1.000000000 0.000075596 -0.000546813 0.000061838 -0.000075596 1.000000000 -0.001132454
1.000000000 -0.000031978 0.000015497 -0.000010122 0.000031978 1.000000000 0.000016692 -0.000158794 -0.000015498 -0.000016691 1.000000000 0.000115639
1.000000000 -0.000017015 -0.000000431 0.000253960 0.000017015 1.000000000 0.000048916 -0.000385281 0.000000430 -0.000048916 1.000000000 -0.000186709
1.000000000 -0.000021443 -0.000008903 -0.000219505 0.000021444 1.000000000 0.000038984 -0.000168736 0.000008902 -0.000038985 1.000000000 0.001126113
1.000000000 -0.000025530 0.000021156 -0.000106261 0.000025529 1.000000000 0.000058642 -0.000550006 -0.000021158 -0.000058642 1.000000000 0.000115120
1.000000000 0.000028603 0.000008199 0.000367003 -0.000028603 1.000000000 0.000053734 -0.000248413 -0.000008197 -0.000053734 1.000000000 -0.000250390
1.000000000 0.000039263 0.000018204 0.000153922 -0.000039264 1.000000000 0.000049500 -0.000332581 -0.000018202 -0.000049501 1.000000000 -0.000520030
1.000000000 0.000004014 -0.000008860 0.000125583 -0.000004013 1.000000000 0.000044728 -0.000444170 0.000008860 -0.000044728 1.000000000 -0.000218562
1.000000000 0.000067029 0.000005324 -0.000195692 -0.000067030 1.000000000 0.000065826 -0.000976829 -0.000005319 -0.000065826 1.000000000 -0.000719470
1.000000000 0.000017280 0.000000553 -0.000202202 -0.000017280 1.000000000 0.000038091 -0.000489905 -0.000000552 -0.000038091 1.000000000 0.000599102
1.000000000 0.000013662 -0.000007893 0.000147148 -0.000013662 1.000000000 0.000028575 0.000002113 0.000007893 -0.000028575 1.000000000 -0.000893914
1.000000000 0.000021068 0.000014809 -0.000191929 -0.000021068 1.000000000 0.000019623 -0.000132404 -0.000014809 -0.000019623 1.000000000 0.001335424
1.000000000 -0.000019263 -0.000006625 0.000609140 0.000019264 1.000000000 0.000078383 -0.000787515 0.000006623 -0.000078383 1.000000000 -0.000908231
1.000000000 0.000037198 0.000009934 0.000220957 -0.000037199 1.000000000 0.000047244 -0.000597106 -0.000009933 -0.000047245 1.000000000 -0.001221988
1.000000000 0.000003019 0.000028160 -0.000008113 -0.000003020 1.000000000 0.000031490 -0.000475815 -0.000028160 -0.000031490 1.000000000 0.000211455
1.000000000 0.000035143 0.000030163 -0.000600169 -0.000035144 1.000000000 0.000062971 -0.000503827 -0.000030160 -0.000062972 1.000000000 0.000007383
1.000000000 0.000008857 0.000030701 -0.000317657 -0.000008859 1.000000000 0.000066658 -0.000947580 -0.000030701 -0.000066659 1.000000000 -0.001196592
1.000000000 -0.000028161 0.000011600 0.000267223 0.000028161 1.000000000 0.000019768 -0.000224716 -0.000011601 -0.000019768 1.000000000 -0.000110564
1.000000000 -0.000010243 0.000044073 -0.000244428 0.000010241 1.000000000 0.000048983 -0.000322548 -0.000044074 -0.000048982 1.000000000 0.000306481
1.000000000 0.000018040 0.000028233 -0.000153985 -0.000018041 1.000000000 0.000004426 -0.000157940 -0.000028233 -0.000004426 1.000000000 -0.000329652
1.000000000 -0.000006303 0.000044408 -0.000438185 0.000006301 1.000000000 0.000039396 -0.000007451 -0.000044408 -0.000039396 1.000000000 -0.000148897
1.000000000 -0.000010460 0.000068788 -0.000437483 0.000010456 1.000000000 0.000054005 -0.000305152 -0.000068789 -0.000054004 1.000000000 0.000386170
1.000000000 -0.000024879 0.000088150 -0.000344216 0.000024877 1.000000000 0.000025550 -0.000575711 -0.000088151 -0.000025548 1.000000000 -0.000810090
1.000000000 -0.000047069 0.000036252 0.000229635 0.000047066 1.000000000 0.000076503 -0.000682776 -0.000036256 -0.000076502 1.000000000 -0.000283371
1.000000000 -0.000025028 0.000048036 0.000153458 0.000025027 1.000000000 0.000014420 -0.000261922 -0.000048036 -0.000014419 1.000000000 -0.000307021
1.000000000 -0.000014781 0.000012247 -0.000157229 0.000014781 1.000000000 -0.000007403 0.000088546 -0.000012247 0.000007403 1.000000000 -0.000262336
1.000000000 -0.000056012 0.000041816 -0.000319973 0.000056011 1.000000000 0.000021153 -0.000129566 -0.000041818 -0.000021151 1.000000000 -0.001681787
1.000000000 -0.000046537 0.000075352 -0.000187922 0.000046536 1.000000000 0.000012852 0.000320036 -0.000075352 -0.000012848 1.000000000 -0.000280994
1.000000000 0.000103638 0.000004417 -0.000117014 -0.000103639 1.000000000 0.000100104 -0.000639431 -0.000004407 -0.000100105 1.000000000 -0.000344659
1.000000000 -0.000041674 0.000053720 -0.000053711 0.000041673 1.000000000 0.000020961 -0.000388349 -0.000053721 -0.000020959 1.000000000 -0.000799691
1.000000000 0.000036954 0.000047474 -0.000105291 -0.000036955 1.000000000 0.000037156 -0.000499761 -0.000047473 -0.000037157 1.000000000 -0.001039880
1.000000000 -0.000010215 0.000062929 -0.000330979 0.000010212 1.000000000 0.000050548 -0.000328335 -0.000062930 -0.000050547 1.000000000 -0.000905864
1.000000000 -0.000019507 0.000048748 -0.000407203 0.000019504 1.000000000 0.000064995 -0.000961594 -0.000048749 -0.000064994 1.000000000 -0.001179625
1.000000000 -0.000058681 -0.000015629 0.001098665 0.000058682 1.000000000 0.000012095 -0.000188391 0.000015628 -0.000012096 1.000000000 -0.000726584
1.000000000 -0.000109664 0.000065017 0.000419458 0.000109662 1.000000000 0.000036755 -0.000560819 -0.000065021 -0.000036748 1.000000000 -0.002045735
1.000000000 -0.000044731 0.000028400 -0.000673205 0.000044730 1.000000000 0.000035364 0.000054290 -0.000028401 -0.000035363 1.000000000 0.000127276
1.000000000 -0.000065883 0.000064227 0.000059315 0.000065879 1.000000000 0.000052674 -0.000701261 -0.000064231 -0.000052670 1.000000000 -0.001376003
1.000000000 -0.000066473 0.000034469 0.000170665 0.000066471 1.000000000 0.000039604 -0.000743391 -0.000034472 -0.000039602 1.000000000 -0.001186469
1.000000000 -0.000006820 0.000042261 0.000253215 0.000006813 1.000000000 0.000160651 -0.001843465 -0.000042262 -0.000160651 1.000000000 -0.002846245
1.000000000 -0.000012534 0.000034366 -0.000022097 0.000012532 1.000000000 0.000038426 -0.000688796 -0.000034367 -0.000038426 1.000000000 -0.000636541
1.000000000 -0.000057768 0.000021665 -0.000379708 0.000057767 1.000000000 0.000063135 -0.000351613 -0.000021669 -0.000063134 1.000000000 -0.000956290
1.000000000 -0.000043601 0.000046627 -0.000183692 0.000043600 1.000000000 0.000021348 -0.000619258 -0.000046628 -0.000021346 1.000000000 -0.001578131
1.000000000 0.000057229 0.000025252 -0.000703618 -0.000057229 1.000000000 0.000010893 -0.000726596 -0.000025251 -0.000010895 1.000000000 -0.001076922
1.000000000 -0.000003044 -0.000001182 0.000762898 0.000003044 1.000000000 0.000018524 -0.000309597 0.000001182 -0.000018524 1.000000000 -0.001144920
1.000000000 -0.000062649 0.000019445 -0.000133893 0.000062648 1.000000000 0.000031441 -0.000017508 -0.000019447 -0.000031439 1.000000000 0.002017267
1.000000000 -0.000020074 0.000040101 -0.000456853 0.000020072 1.000000000 0.000045095 -0.000060598 -0.000040102 -0.000045094 1.000000000 0.000088202
1.000000000 -0.000014242 -0.000015990 0.000258350 0.000014242 1.000000000 0.000017693 0.000030968 0.000015989 -0.000017693 1.000000000 0.001317711
1.000000000 -0.000064172 0.000014611 0.000205250 0.000064171 1.000000000 0.000079583 -0.000778260 -0.000014616 -0.000079582 1.000000000 -0.001045081
1.000000000 -0.000005003 0.000023841 -0.000693817 0.000005001 1.000000000 0.000114300 -0.000859504 -0.000023841 -0.000114300 1.000000000 0.000250632
1.000000000 0.000085373 0.000064733 -0.000682615 -0.000085373 1.000000000 -0.000010949 0.000102036 -0.000064734 0.000010944 1.000000000 0.000901931
1.000000000 0.000059619 0.000049134 -0.000465802 -0.000059619 1.000000000 -0.000009285 0.000186374 -0.000049135 0.000009282 1.000000000 0.000359631
1.000000000 0.000080782 0.000025910 -0.000857309 -0.000080782 1.000000000 -0.000001725 0.000096848 -0.000025910 0.000001723 1.000000000 0.000058769
1.000000000 -0.000027134 0.000032377 -0.000264845 0.000027133 1.000000000 0.000024724 -0.000416450 -0.000032378 -0.000024723 1.000000000 -0.001117192
1.000000000 0.000027524 -0.000002262 0.000083105 -0.000027524 1.000000000 0.000054644 -0.000531260 0.000002264 -0.000054643 1.000000000 -0.000105510
1.000000000 -0.000017348 0.000047219 -0.000519825 0.000017348 1.000000000 0.000001904 -0.000035725 -0.000047219 -0.000001903 1.000000000 -0.000383422
1.000000000 -0.000002027 -0.000053383 0.000705683 0.000002028 1.000000000 0.000019268 0.000056203 0.000053383 -0.000019268 1.000000000 -0.000323999
1.000000000 -0.000005772 0.000012151 -0.000017302 0.000005772 1.000000000 -0.000003222 0.000057335 -0.000012151 0.000003222 1.000000000 -0.000310208
1.000000000 0.000008394 0.000014536 0.000169660 -0.000008394 1.000000000 0.000027413 -0.000543823 -0.000014536 -0.000027413 1.000000000 -0.000363219
1.000000000 0.000069689 0.000010642 0.000057365 -0.000069689 1.000000000 0.000024092 -0.000199000 -0.000010640 -0.000024093 1.000000000 0.001132879
1.000000000 -0.000058285 0.000032281 0.000570161 0.000058285 1.000000000 0.000007179 -0.000435190 -0.000032281 -0.000007177 1.000000000 -0.000810727
1.000000000 -0.000047694 0.000017214 -0.000144486 0.000047693 1.000000000 0.000018074 0.000257147 -0.000017215 -0.000018073 1.000000000 0.000628932
1.000000000 0.000053520 -0.000022693 -0.000080566 -0.000053519 1.000000000 0.000022240 0.000044100 0.000022694 -0.000022238 1.000000000 0.000420278
1.000000000 -0.000045158 0.000046525 -0.000678310 0.000045156 1.000000000 0.000032836 -0.000190009 -0.000046526 -0.000032834 1.000000000 -0.000339863
1.000000000 0.000005546 -0.000004291 0.000601817 -0.000005545 1.000000000 0.000092674 -0.000570073 0.000004291 -0.000092674 1.000000000 0.000492559
1.000000000 0.000052204 0.000017782 -0.000129070 -0.000052205 1.000000000 0.000061493 -0.000811446 -0.000017779 -0.000061494 1.000000000 -0.000030393
1.000000000 -0.000064506 -0.000023464 0.000384942 0.000064508 1.000000000 0.000078817 -0.000660273 0.000023459 -0.000078819 1.000000000 0.000667552
1.000000000 0.000003116 0.000016801 -0.000178598 -0.000003117 1.000000000 0.000062341 -0.000334795 -0.000016801 -0.000062341 1.000000000 0.000154297
1.000000000 0.000011527 0.000021605 0.000254629 -0.000011529 1.000000000 0.000104544 -0.000949300 -0.000021603 -0.000104544 1.000000000 -0.001377160
1.000000000 0.000063071 0.000035514 -0.000517186 -0.000063073 1.000000000 0.000061671 -0.000475321 -0.000035510 -0.000061674 1.000000000 -0.000107108
1.000000000 0.000025364 0.000002902 0.000112933 -0.000025364 1.000000000 0.000076781 -0.001282023 -0.000002900 -0.000076781 1.000000000 0.000244098
1.000000000 0.000015496 0.000049060 -0.000874946 -0.000015497 1.000000000 0.000007737 0.000543722 -0.000049060 -0.000007738 1.000000000 0.001824485
1.000000000 0.000041391 0.000030359 -0.000193351 -0.000041392 1.000000000 0.000039647 -0.000171675 -0.000030357 -0.000039648 1.000000000 0.000123420
1.000000000 0.000007729 -0.000002807 0.000304470 -0.000007729 1.000000000 0.000031896 -0.000356895 0.000002807 -0.000031896 1.000000000 -0.000244078
1.000000000 -0.000010615 0.000019728 0.000170187 0.000010614 1.000000000 0.000061605 -0.000217078 -0.000019729 -0.000061605 1.000000000 -0.001464854
1.000000000 0.000004796 0.000043976 -0.000544293 -0.000004799 1.000000000 0.000068816 -0.000315652 -0.000043976 -0.000068816 1.000000000 0.001169962
1.000000000 0.000082373 -0.000030438 0.000093092 -0.000082370 1.000000000 0.000097866 -0.000501007 0.000030446 -0.000097864 1.000000000 0.000098389
1.000000000 -0.000009456 -0.000008534 0.000399373 0.000009457 1.000000000 0.000050342 -0.000117070 0.000008533 -0.000050342 1.000000000 0.000246742
1.000000000 0.000002328 -0.000024626 0.000374559 -0.000002327 1.000000000 0.000052998 -0.000717032 0.000024626 -0.000052998 1.000000000 0.000387405
1.000000000 0.000014487 -0.000029225 0.000313885 -0.000014485 1.000000000 0.000070656 -0.000568044 0.000029226 -0.000070655 1.000000000 -0.000524637
1.000000000 0.000044805 -0.000005666 -0.000161528 -0.000044805 1.000000000 0.000022227 -0.000327797 0.000005667 -0.000022226 1.000000000 0.000271277
1.000000000 -0.000006619 -0.000105077 0.000953658 0.000006623 1.000000000 0.000035864 0.000170649 0.000105077 -0.000035865 1.000000000 0.000563593
1.000000000 0.000035957 0.000001290 -0.000265142 -0.000035957 1.000000000 0.000041573 -0.000213180 -0.000001289 -0.000041573 1.000000000 0.000616954
1.000000000 0.000034669 0.000008892 0.000122605 -0.000034669 1.000000000 0.000012280 -0.000233194 -0.000008892 -0.000012281 1.000000000 -0.000123528
1.000000000 0.000012389 -0.000010764 0.000671041 -0.000012388 1.000000000 0.000083647 -0.000619913 0.000010765 -0.000083647 1.000000000 0.000587146
1.000000000 -0.000063264 -0.000015964 0.000329352 0.000063265 1.000000000 0.000065872 -0.000804428 0.000015960 -0.000065873 1.000000000 0.000711272
1.000000000 0.000024810 0.000003252 -0.000003950 -0.000024810 1.000000000 0.000085646 -0.000456114 -0.000003249 -0.000085646 1.000000000 0.000064063
1.000000000 0.000033774 -0.000017514 0.000142784 -0.000033773 1.000000000 0.000065553 -0.000667423 0.000017516 -0.000065553 1.000000000 -0.000074452
1.000000000 -0.000037873 -0.000005098 -0.000107262 0.000037874 1.000000000 0.000107559 -0.001022780 0.000005094 -0.000107559 1.000000000 -0.000272386
1.000000000 -0.000038626 -0.000065597 0.001117810 0.000038629 1.000000000 0.000045879 -0.000327434 0.000065595 -0.000045881 1.000000000 -0.000610041
1.000000000 -0.000047884 -0.000018962 0.000528006 0.000047885 1.000000000 0.000045130 -0.000798152 0.000018960 -0.000045131 1.000000000 0.000214171
1.000000000 0.000044736 -0.000031083 0.000288237 -0.000044733 1.000000000 0.000102179 -0.001003188 0.000031087 -0.000102177 1.000000000 -0.001055914
1.000000000 0.000000629 -0.000035526 0.000529225 -0.000000627 1.000000000 0.000069940 -0.000450981 0.000035526 -0.000069940 1.000000000 0.000215843
1.000000000 -0.000028854 0.000021419 -0.000018630 0.000028853 1.000000000 0.000012161 -0.000250293 -0.000021419 -0.000012161 1.000000000 0.000502335
1.000000000 0.000064627 -0.000021758 0.000086700 -0.000064626 1.000000000 0.000032407 -0.000293368 0.000021760 -0.000032406 1.000000000 -0.000583393
1.000000000 0.000060512 -0.000001174 0.000401586 -0.000060512 1.000000000 -0.000005092 -0.000037438 0.000001173 0.000005092 1.000000000 -0.001298627
1.000000000 0.000049628 -0.000010519 0.000426252 -0.000049628 1.000000000 0.000030686 -0.000283961 0.000010521 -0.000030685 1.000000000 0.000142817
1.000000000 0.000008593 -0.000019744 0.000768834 -0.000008593 1.000000000 0.000032201 -0.000326126 0.000019744 -0.000032201 1.000000000 -0.000341689
1.000000000 0.000012479 -0.000024437 0.000297664 -0.000012480 1.000000000 -0.000018702 0.000005098 0.000024437 0.000018702 1.000000000 0.000675806
1.000000000 0.000147056 0.000026377 -0.000654953 -0.000147057 1.000000000 0.000052930 -0.000611219 -0.000026370 -0.000052934 1.000000000 0.000362359
1.000000000 0.000118442 -0.000014806 0.000096619 -0.000118442 1.000000000 -0.000000872 0.000018671 0.000014806 0.000000874 1.000000000 0.000391539
1.000000000 0.000062797 -0.000039324 0.000180932 -0.000062797 1.000000000 -0.000001073 -0.000167236 0.000039324 0.000001076 1.000000000 0.000692773
1.000000000 0.000117908 -0.000000391 -0.000315155 -0.000117908 1.000000000 -0.000044505 0.000652283 0.000000386 0.000044505 1.000000000 0.000955034
1.000000000 0.000136580 -0.000019475 0.000070294 -0.000136580 1.000000000 0.000020791 -0.000046244 0.000019477 -0.000020789 1.000000000 -0.000512667
1.000000000 0.000044013 -0.000044992 0.000067230 -0.000044013 1.000000000 -0.000001335 0.000135182 0.000044992 0.000001337 1.000000000 -0.000743470
1.000000000 0.000049190 -0.000044269 0.000533059 -0.000049190 1.000000000 -0.000002610 0.000059690 0.000044269 0.000002612 1.000000000 -0.000662368
1.000000000 0.000142691 -0.000029301 0.000536413 -0.000142689 1.000000000 0.000064554 -0.000403941 0.000029310 -0.000064550 1.000000000 -0.000546608
1.000000000 -0.000001731 -0.000044198 0.000912875 0.000001734 1.000000000 0.000067477 -0.000210688 0.000044198 -0.000067477 1.000000000 0.001370857
1.000000000 0.000022924 -0.000066540 0.000832840 -0.000022922 1.000000000 0.000041393 -0.000144819 0.000066541 -0.000041391 1.000000000 0.000330652
1.000000000 0.000061823 0.000029091 -0.000249811 -0.000061826 1.000000000 0.000085325 -0.000565132 -0.000029085 -0.000085327 1.000000000 0.000836023
1.000000000 0.000061963 -0.000010762 0.000103010 -0.000061963 1.000000000 0.000030381 -0.000304178 0.000010764 -0.000030380 1.000000000 0.001601860
1.000000000 0.000077818 0.000001106 0.000368142 -0.000077819 1.000000000 0.000025175 0.000050023 -0.000001104 -0.000025175 1.000000000 0.000399706
1.000000000 0.000060741 -0.000055731 0.000625416 -0.000060740 1.000000000 0.000023747 -0.000013364 0.000055733 -0.000023744 1.000000000 -0.000196349
1.000000000 0.000038536 -0.000009643 -0.000062217 -0.000038536 1.000000000 0.000027753 -0.000307424 0.000009644 -0.000027752 1.000000000 0.000451680
1.000000000 -0.000005680 -0.000007792 0.000323897 0.000005680 1.000000000 0.000033508 -0.000122472 0.000007792 -0.000033508 1.000000000 0.000119386
1.000000000 -0.000033473 -0.000085841 0.000777468 0.000033475 1.000000000 0.000029606 -0.000245132 0.000085840 -0.000029609 1.000000000 0.000607380
1.000000000 -0.000029523 -0.000080393 0.000664652 0.000029528 1.000000000 0.000056882 -0.000702511 0.000080391 -0.000056884 1.000000000 0.000832656
1.000000000 -0.000046760 -0.000061508 0.001012798 0.000046761 1.000000000 0.000011285 -0.000422123 0.000061508 -0.000011288 1.000000000 0.000131685
1.000000000 0.000071988 -0.000026051 0.000136971 -0.000071988 1.000000000 0.000014241 0.000109851 0.000026052 -0.000014239 1.000000000 -0.000040858
1.000000000 0.000083370 -0.000035442 -0.000215370 -0.000083366 1.000000000 0.000108640 -0.000816430 0.000035451 -0.000108637 1.000000000 0.000217548
1.000000000 -0.000004526 -0.000048223 0.000737403 0.000004527 1.000000000 0.000013533 -0.000258755 0.000048223 -0.000013533 1.000000000 -0.000004120
1.000000000 0.000009654 -0.000036097 0.000302673 -0.000009654 1.000000000 0.000017195 -0.000239402 0.000036097 -0.000017195 1.000000000 0.000861258
1.000000000 0.000136797 -0.000028451 0.000273238 -0.000136794 1.000000000 0.000107253 -0.000384659 0.000028465 -0.000107249 1.000000000 0.000430326
1.000000000 0.000080065 0.000000559 0.000149615 -0.000080065 1.000000000 0.000025735 -0.000312325 -0.000000557 -0.000025735 1.000000000 -0.000511296
1.000000000 0.000027463 -0.000056866 0.000106242 -0.000027460 1.000000000 0.000045804 -0.000221672 0.000056867 -0.000045802 1.000000000 0.000852034
1.000000000 0.000099303 -0.000006598 0.000134395 -0.000099303 1.000000000 0.000033851 0.000005023 0.000006602 -0.000033850 1.000000000 -0.000319914
1.000000000 0.000074666 0.000048319 -0.000564872 -0.000074669 1.000000000 0.000048021 -0.000495166 -0.000048315 -0.000048025 1.000000000 0.000070628
1.000000000 0.000065436 -0.000004331 0.000197459 -0.000065436 1.000000000 0.000016886 -0.000367973 0.000004332 -0.000016885 1.000000000 0.001084826
1.000000000 0.000095138 -0.000020439 0.000147305 -0.000095138 1.000000000 0.000000647 0.000145110 0.000020439 -0.000000645 1.000000000 0.001428387
1.000000000 0.000092510 -0.000012856 0.000002980 -0.000092510 1.000000000 0.000030946 -0.000290639 0.000012859 -0.000030944 1.000000000 0.000421664
1.000000000 0.000107767 -0.000021136 -0.000119528 -0.000107766 1.000000000 0.000033678 -0.000392563 0.000021140 -0.000033676 1.000000000 0.000432740
1.000000000 0.000033886 0.000006979 -0.000004612 -0.000033886 1.000000000 -0.000013939 0.000347395 -0.000006979 0.000013938 1.000000000 -0.000076570
1.000000000 0.000034537 -0.000046080 0.000269485 -0.000034534 1.000000000 0.000064500 -0.000485866 0.000046082 -0.000064499 1.000000000 0.000589614
1.000000000 0.000010205 -0.000023462 0.000578611 -0.000010204 1.000000000 0.000008354 -0.000368291 0.000023462 -0.000008354 1.000000000 -0.000255668
1.000000000 0.000016835 -0.000047680 0.000230428 -0.000016832 1.000000000 0.000073994 -0.000633520 0.000047681 -0.000073993 1.000000000 0.000481457
1.000000000 0.000019031 -0.000031028 -0.000238239 -0.000019029 1.000000000 0.000039654 -0.000352424 0.000031029 -0.000039654 1.000000000 -0.000686669
1.000000000 0.000090999 0.000008552 -0.000213079 -0.000090999 1.000000000 0.000045196 -0.000576565 -0.000008548 -0.000045197 1.000000000 0.000773826
1.000000000 0.000052354 0.000014224 -0.000168469 -0.000052354 1.000000000 0.000040552 -0.000327037 -0.000014222 -0.000040553 1.000000000 -0.000068350
1.000000000 0.000023743 -0.000004029 -0.000004430 -0.000023743 1.000000000 0.000021338 -0.000401116 0.000004029 -0.000021338 1.000000000 -0.000287887
1.000000000 0.000003945 -0.000030510 0.000737125 -0.000003944 1.000000000 0.000024008 -0.000188733 0.000030510 -0.000024008 1.000000000 -0.000023371
1.000000000 0.000017744 -0.000049907 0.000663641 -0.000017743 1.000000000 0.000026405 -0.000301656 0.000049907 -0.000026404 1.000000000 -0.000125388
1.000000000 -0.000014177 -0.000053187 0.000463775 0.000014179 1.000000000 0.000035108 -0.000248479 0.000053186 -0.000035109 1.000000000 0.000091850
1.000000000 0.000007855 -0.000028938 0.000231570 -0.000007854 1.000000000 0.000030932 0.000048481 0.000028938 -0.000030932 1.000000000 0.000286163
1.000000000 0.000043264 -0.000004351 -0.000126719 -0.000043264 1.000000000 0.000007257 -0.000365879 0.000004352 -0.000007257 1.000000000 -0.000500169
1.000000000 0.000046397 -0.000001987 -0.000151409 -0.000046397 1.000000000 0.000044725 -0.000251410 0.000001989 -0.000044725 1.000000000 0.000686741
1.000000000 0.000094898 -0.000026266 0.000216699 -0.000094897 1.000000000 0.000039070 0.000009651 0.000026270 -0.000039068 1.000000000 0.000624795
1.000000000 -0.000027652 -0.000023982 0.000631562 0.000027653 1.000000000 0.000036919 -0.000750364 0.000023981 -0.000036920 1.000000000 0.000349002
1.000000000 -0.000005092 -0.000027641 -0.000003596 0.000005093 1.000000000 0.000032959 -0.000068469 0.000027641 -0.000032959 1.000000000 0.000069736
1.000000000 0.000056932 0.000034942 0.000192642 -0.000056917 0.999999881 -0.000443345 0.000536083 -0.000034968 0.000443343 0.999999881 0.001624848
1.000000000 0.000131375 -0.000011182 -0.000075143 -0.000131388 0.999999225 -0.001220486 0.001374482 0.000011022 0.001220487 0.999999285 0.011738937
1.000000000 0.000008420 0.000016234 -0.000974847 -0.000008395 0.999998868 -0.001487201 0.001322272 -0.000016246 0.001487200 0.999998868 0.026840221
0.999999940 -0.000281818 -0.000134355 -0.000030109 0.000281642 0.999999106 -0.001308187 -0.000310687 0.000134724 0.001308149 0.999999106 0.044045724
0.999999762 -0.000659509 -0.000112921 0.001475367 0.000659359 0.999998927 -0.001318899 0.000410988 0.000113791 0.001318824 0.999999106 0.075016841
0.999999642 -0.000848748 -0.000154975 -0.000423141 0.000848545 0.999998808 -0.001310736 -0.000066217 0.000156087 0.001310604 0.999999106 0.106785476
0.999999285 -0.001188555 -0.000157539 0.000187441 0.001188335 0.999998331 -0.001386100 -0.000160887 0.000159186 0.001385912 0.999999046 0.140670702
0.999998987 -0.001402673 -0.000010804 0.000608099 0.001402648 0.999996960 -0.002032014 0.001065548 0.000013654 0.002031996 0.999997914 0.181104019
0.999999404 -0.001089306 -0.000001745 0.001007138 0.001089296 0.999995172 -0.002902704 -0.001413529 0.000004907 0.002902700 0.999995768 0.223647654
1.000000000 -0.000151882 0.000104671 -0.001823548 0.000152350 0.999989927 -0.004482740 -0.001512157 -0.000103989 0.004482755 0.999989927 0.280878127
0.999999762 0.000288286 0.000633637 -0.002616074 -0.000284087 0.999978065 -0.006617718 -0.002222656 -0.000635531 0.006617536 0.999977887 0.343248546
0.999998748 0.000636872 0.001444480 -0.002265360 -0.000624734 0.999964595 -0.008388341 -0.003266225 -0.001449772 0.008387429 0.999963760 0.426641703
0.999996662 0.000651619 0.002505795 -0.001261201 -0.000628446 0.999957144 -0.009237151 -0.003002174 -0.002511707 0.009235545 0.999954224 0.525527537
0.999991953 0.000730991 0.003951388 0.001644871 -0.000693892 0.999955773 -0.009382082 -0.002259202 -0.003958072 0.009379264 0.999948204 0.645148695
0.999983668 0.000843355 0.005651559 0.001126401 -0.000792037 0.999958515 -0.009076386 -0.001974471 -0.005658979 0.009071761 0.999942839 0.777715921
0.999973774 0.000886401 0.007189708 0.005052763 -0.000816208 0.999952018 -0.009760024 -0.000636146 -0.007198014 0.009753900 0.999926507 0.939846277
0.999952734 0.000722678 0.009697022 0.002945923 -0.000614533 0.999937654 -0.011150717 -0.000398815 -0.009704476 0.011144230 0.999890804 1.119116306
0.999927998 0.000153366 0.011999800 0.009614124 -0.000010817 0.999929428 -0.011878399 -0.000574015 -0.012000775 0.011877414 0.999857426 1.312693477
0.999887526 -0.000442599 0.014991720 0.010737884 0.000638103 0.999914765 -0.013038544 -0.001635222 -0.014984672 0.013046644 0.999802589 1.534954071
0.999840260 -0.000318160 0.017870778 0.016108278 0.000575301 0.999896348 -0.014385615 -0.000641661 -0.017864348 0.014393598 0.999736786 1.772534847
0.999779522 0.000651853 0.020989049 0.022811348 -0.000311541 0.999868512 -0.016212977 0.001671386 -0.020996857 0.016202863 0.999648213 2.035005093
0.999709368 0.000957214 0.024088521 0.033356261 -0.000550733 0.999857426 -0.016875437 0.000626710 -0.024101241 0.016857266 0.999567389 2.320007086
0.999609292 0.000349539 0.027948294 0.042857241 0.000140547 0.999846280 -0.017531550 0.002415941 -0.027950127 0.017528629 0.999455631 2.636960983
0.999502897 -0.000310744 0.031525210 0.057497282 0.000853680 0.999851525 -0.017210279 0.001509634 -0.031515181 0.017228635 0.999354780 2.979220152
0.999391317 -0.000836501 0.034875482 0.074733645 0.001383753 0.999876261 -0.015670432 -0.002420719 -0.034858059 0.015709152 0.999268830 3.344247580
0.999282718 -0.000556540 0.037863977 0.089686930 0.001092023 0.999899685 -0.014123064 -0.003076677 -0.037852317 0.014154282 0.999183118 3.733001947
0.999159276 -0.001047395 0.040983532 0.100962684 0.001593373 0.999910414 -0.013291496 -0.003329002 -0.040965937 0.013345623 0.999071419 4.169981003
0.999098837 -0.003377438 0.042309165 0.127054483 0.003850729 0.999930859 -0.011109996 -0.006070556 -0.042268720 0.011262905 0.999042809 4.594950199
0.999066651 -0.005030723 0.042900670 0.147567198 0.005442802 0.999940097 -0.009494037 -0.006416880 -0.042850342 0.009718676 0.999034226 5.036551952
0.999066770 -0.005979627 0.042776383 0.164742902 0.006366446 0.999940038 -0.008912315 -0.002910282 -0.042720523 0.009176331 0.999044895 5.514847279
0.999135792 -0.006153894 0.041106652 0.181627527 0.006489282 0.999946713 -0.008030542 -0.003029952 -0.041055042 0.008290355 0.999122500 5.981535435
0.999241114 -0.007085384 0.038301256 0.201545492 0.007378948 0.999944448 -0.007528692 0.001820016 -0.038245786 0.007805602 0.999237895 6.457661152
0.999372482 -0.008002114 0.034505870 0.209546238 0.008262707 0.999938369 -0.007416127 -0.002435131 -0.034444399 0.007696585 0.999376953 6.942197800
0.999543309 -0.009297895 0.028751923 0.215759858 0.009513691 0.999927521 -0.007377749 -0.002493326 -0.028681241 0.007647917 0.999559343 7.445633888
0.999704123 -0.011416337 0.021478910 0.229302585 0.011571934 0.999907613 -0.007133843 -0.004363967 -0.021395482 0.007380285 0.999743879 7.989147663
0.999850333 -0.013729014 0.010529410 0.236028776 0.013810110 0.999875247 -0.007668233 -0.003909284 -0.010422818 0.007812498 0.999915183 8.504034042
0.999857068 -0.016675225 -0.002794627 0.227773190 0.016649850 0.999822021 -0.008869970 -0.002305573 0.002942039 0.008822172 0.999956727 9.033547401
0.999642909 -0.019729363 -0.018021056 0.208156481 0.019572534 0.999769390 -0.008837886 -0.005247974 0.018191265 0.008482013 0.999798536 9.603668213
0.999109030 -0.020913776 -0.036657915 0.182388872 0.020644806 0.999757230 -0.007700521 -0.004901940 0.036810063 0.006936864 0.999298215 10.163371086
0.998100936 -0.021215014 -0.057830658 0.135228932 0.020862294 0.999759912 -0.006696184 -0.003208254 0.057958834 0.005476987 0.998303950 10.733165741
0.996411860 -0.021895612 -0.081755817 0.074928872 0.021476107 0.999751329 -0.006007150 -0.006885760 0.081867017 0.004229798 0.996634305 11.316628456
0.993881762 -0.024503522 -0.107697047 -0.004785763 0.024114612 0.999697149 -0.004912184 -0.004289906 0.107784793 0.002285057 0.994171619 11.938467979
0.990229845 -0.024038494 -0.137357086 -0.098722696 0.023875942 0.999710917 -0.002831112 -0.003243947 0.137385428 -0.000476077 0.990517557 12.540589333
0.985416055 -0.024816960 -0.168342844 -0.220979169 0.024820786 0.999689758 -0.002081816 0.000801668 0.168342277 -0.002126946 0.985726297 13.160214424
0.979258060 -0.023948725 -0.201196760 -0.375831783 0.024165884 0.999707043 -0.001377123 0.001447868 0.201170787 -0.003513538 0.979549885 13.801314354
0.971670806 -0.022319643 -0.235282049 -0.549467266 0.022955036 0.999736488 -0.000038347 0.008828748 0.235220909 -0.005363647 0.971927166 14.423380852
0.962618709 -0.019025652 -0.270191222 -0.741189957 0.019898746 0.999801874 0.000492325 0.012145281 0.270128310 -0.005850387 0.962806582 15.043206215
0.952186286 -0.017661184 -0.305007219 -0.971305251 0.018568436 0.999827564 0.000073669 0.014218260 0.304953337 -0.005733653 0.952350020 15.667302132
0.939773202 -0.018966960 -0.341271996 -1.218750000 0.019533355 0.999807656 -0.001776846 0.021288730 0.341240048 -0.004996355 0.939962924 16.298135757
0.925790012 -0.018507013 -0.377584934 -1.491154075 0.018916922 0.999817610 -0.002623356 0.022984546 0.377564639 -0.004714067 0.925971270 16.903415680
0.909767389 -0.016863152 -0.414775789 -1.795194387 0.016555769 0.999853551 -0.004336762 0.024850808 0.414788157 -0.002921487 0.909913301 17.504053116
0.892070234 -0.018722935 -0.451508731 -2.127003193 0.019047702 0.999811232 -0.003826092 0.031309538 0.451495141 -0.005187061 0.892258525 18.105033875
0.872705042 -0.020766445 -0.487806022 -2.475908279 0.022782376 0.999738812 -0.001801388 0.026076026 0.487716049 -0.009541299 0.872950196 18.693372726
0.851404488 -0.020109588 -0.524124026 -2.849137783 0.023673566 0.999719739 0.000098885 0.027993962 0.523975134 -0.012492076 0.851641893 19.280805588
0.828630924 -0.020560639 -0.559417605 -3.253214359 0.026135208 0.999656498 0.001971455 0.030623637 0.559184909 -0.016254105 0.828883648 19.853664398
0.804118514 -0.020597059 -0.594112158 -3.686134815 0.027226871 0.999626875 0.002195306 0.027199395 0.593845248 -0.017941099 0.804379225 20.402351379
0.777622283 -0.020347491 -0.628402412 -4.149423122 0.028029801 0.999604404 0.002318827 0.036382556 0.628106654 -0.019417167 0.777884960 20.959310532
0.749733388 -0.018498374 -0.661481440 -4.633205891 0.026705993 0.999640644 0.002313972 0.041708156 0.661200941 -0.019400379 0.749958038 21.486366272
0.720717907 -0.016852897 -0.693023622 -5.152997017 0.026808217 0.999634206 0.003570483 0.050805099 0.692709923 -0.021152038 0.720906019 21.999076843
0.690301836 -0.014234409 -0.723381519 -5.698639393 0.025631774 0.999659956 0.004788751 0.054190591 0.723067403 -0.021847233 0.690431952 22.499429703
0.659743190 -0.011617976 -0.751401305 -6.287810326 0.024538096 0.999680340 0.006088066 0.064561434 0.751090407 -0.022454517 0.659817457 22.979770660
0.626734316 -0.009483689 -0.779175341 -6.894062042 0.024249498 0.999679029 0.007337690 0.073485091 0.778855681 -0.023493391 0.626763105 23.459358215
0.593069196 -0.008772109 -0.805103779 -7.525344849 0.024458189 0.999675453 0.007124719 0.083527423 0.804779947 -0.023916828 0.593091249 23.903533936
0.559554160 -0.011459368 -0.828714609 -8.193817139 0.028169321 0.999589622 0.005197925 0.092224069 0.828314960 -0.026252845 0.559647322 24.330024719
0.524989545 -0.012750252 -0.851013184 -8.884766579 0.026383236 0.999651074 0.001298593 0.102062628 0.850699663 -0.023134228 0.525142789 24.739580154
0.490911007 -0.014368246 -0.871091247 -9.626697540 0.023766806 0.999712765 -0.003095808 0.105870023 0.870885491 -0.019183291 0.491111457 25.135957718
0.456756175 -0.018462196 -0.889400363 -10.370546341 0.027270803 0.999605298 -0.006744774 0.113877490 0.889173865 -0.021173945 0.457079411 25.506866455
0.422906756 -0.017932629 -0.905995846 -11.143435478 0.025843551 0.999636173 -0.007722653 0.115529731 0.905804694 -0.020148184 0.423216343 25.849353790
0.391658843 -0.017251983 -0.919948816 -11.948091507 0.026678624 0.999616742 -0.007387857 0.120595738 0.919723749 -0.021649444 0.391969025 26.171955109
0.359870076 -0.018530700 -0.932818472 -12.778869629 0.027437331 0.999580503 -0.009271954 0.109359473 0.932599008 -0.022257345 0.360227585 26.482078552
0.329070508 -0.020334063 -0.944086492 -13.610215187 0.026662087 0.999569595 -0.012235748 0.105607986 0.943929017 -0.021144887 0.329471052 26.759056091
0.298515260 -0.024019415 -0.954102695 -14.450568199 0.028529041 0.999461114 -0.016235271 0.098462284 0.953978479 -0.022373153 0.299039602 27.024358749
0.271061003 -0.023455376 -0.962276340 -15.322266579 0.024330940 0.999550581 -0.017510215 0.093342572 0.962254584 -0.018666754 0.271509886 27.253826141
0.246596873 -0.022630706 -0.968853951 -16.191854477 0.022062428 0.999599278 -0.017733438 0.081034750 0.968867004 -0.017002257 0.246997356 27.464523315
0.225818455 -0.022457620 -0.973910570 -17.064638138 0.017992217 0.999659836 -0.018879566 0.072045058 0.974003315 -0.013259456 0.226145685 27.656082153
0.209747493 -0.021139344 -0.977527022 -17.978637695 0.014021388 0.999728501 -0.018610895 0.059285432 0.977655053 -0.009802698 0.209986925 27.831298828
0.196134686 -0.020259311 -0.980367720 -18.875555038 0.011560023 0.999764860 -0.018347429 0.048454076 0.980508924 -0.007734504 0.196322739 28.003164291
0.185952663 -0.019022508 -0.982374668 -19.777149200 0.008033802 0.999808609 -0.017839387 0.032465339 0.982525945 -0.004574919 0.186069906 28.157341003
0.178728998 -0.019566989 -0.983703852 -20.704563141 0.006314102 0.999804437 -0.018740041 0.018862993 0.983878136 -0.002861815 0.178817630 28.323390961
0.174671471 -0.020303650 -0.984417558 -21.614746094 0.005386580 0.999792099 -0.019664977 0.005344808 0.984612226 -0.001867728 0.174744546 28.481985092
0.172997713 -0.022368234 -0.984668255 -22.530157089 0.003032834 0.999749422 -0.022177985 -0.010217011 0.984917641 0.000850407 0.173022211 28.636447906
0.172823787 -0.022250306 -0.984701395 -23.497024536 0.001560706 0.999749720 -0.022316420 -0.022771120 0.984951496 0.002319980 0.172815263 28.795904160
0.173260331 -0.019692255 -0.984679222 -24.427389145 0.000522579 0.999801755 -0.019902738 -0.034475178 0.984875977 0.002933783 0.173236251 28.961791992
0.174600482 -0.015943052 -0.984510362 -25.376302719 0.002048217 0.999872625 -0.015828582 -0.053533882 0.984637320 0.000747188 0.174610913 29.129850388
0.176455259 -0.015682761 -0.984183729 -26.369806290 0.003949148 0.999876320 -0.015224771 -0.064276487 0.984300733 -0.001200196 0.176495373 29.287252426
0.177976787 -0.016213596 -0.983901203 -27.319011688 0.007021804 0.999859691 -0.015206409 -0.073293239 0.984009683 -0.004202372 0.178065658 29.457761765
0.179029286 -0.015461109 -0.983722270 -28.275264740 0.008690352 0.999862373 -0.014133210 -0.084987670 0.983805358 -0.006018634 0.179139018 29.630874634
0.180370271 -0.013807764 -0.983501852 -29.249309540 0.009966185 0.999875784 -0.012209887 -0.092640847 0.983548284 -0.007599462 0.180485427 29.807680130
0.181030929 -0.009882493 -0.983427882 -30.213111877 0.010018652 0.999916136 -0.008203935 -0.095141217 0.983426511 -0.008367453 0.181114793 29.990072250
0.182542741 -0.001171320 -0.983197153 -31.181392670 0.008427973 0.999964416 0.000373461 -0.090597615 0.983161747 -0.008354532 0.182546139 30.161899567
