1.000000000 0.000000000 0.000000000 0.000000000 0.000000000 1.000000000 0.000000000 0.000000000 0.000000000 0.000000000 1.000000000 0.000000000
0.999999225 -0.001097430 -0.000590432 -0.002410287 0.001097370 0.999999404 -0.000102279 0.004859207 0.000590544 0.000101631 0.999999821 0.595885634
0.999997437 -0.002071750 -0.000942830 -0.004335782 0.002071452 0.999997795 -0.000317055 0.002850589 0.000943485 0.000315102 0.999999523 1.173251510
0.999997556 -0.001603381 -0.001508300 -0.021768576 0.001600555 0.999996960 -0.001872397 0.008079523 0.001511297 0.001869978 0.999997139 1.779922247
0.999994636 -0.001420032 -0.002958818 -0.012611653 0.001412443 0.999995708 -0.002565309 0.001575402 0.002962448 0.002561116 0.999992311 2.318698645
0.999991238 -0.002459368 -0.003390942 -0.015999883 0.002450058 0.999993205 -0.002747233 -0.002084773 0.003397676 0.002738901 0.999990463 2.865018368
0.999982834 -0.004232119 -0.004047177 -0.016706502 0.004221515 0.999987662 -0.002625075 -0.003650746 0.004058237 0.002607945 0.999988377 3.402474165
0.999978185 -0.004428457 -0.004905963 -0.020397794 0.004422469 0.999989450 -0.001230814 -0.004150946 0.004911362 0.001209090 0.999987185 3.937435150
0.999978781 -0.003758112 -0.005326468 -0.026046094 0.003763268 0.999992430 0.000958345 -0.003882003 0.005322826 -0.000978370 0.999985337 4.456685543
0.999976754 -0.003289171 -0.005970609 -0.031561188 0.003301241 0.999992549 0.002012876 -0.004331174 0.005963943 -0.002032540 0.999980152 4.962627411
0.999972939 -0.003657904 -0.006382913 -0.036572911 0.003674842 0.999989748 0.002643900 -0.006174003 0.006373177 -0.002667284 0.999976158 5.449164867
0.999968827 -0.004418452 -0.006540222 -0.037456356 0.004438716 0.999985397 0.003087112 -0.005970256 0.006526486 -0.003116045 0.999973834 5.922147751
0.999964237 -0.005015522 -0.006805615 -0.039650794 0.005040028 0.999980867 0.003588484 -0.011251037 0.006787487 -0.003622656 0.999970376 6.385312080
0.999966741 -0.005477683 -0.006045877 -0.045177877 0.005493541 0.999981523 0.002609493 -0.011768144 0.006031471 -0.002642619 0.999978304 6.820818424
0.999964595 -0.005767296 -0.006124599 -0.042175435 0.005768675 0.999983311 0.000207569 -0.009008978 0.006123300 -0.000242892 0.999981225 7.257671833
0.999965250 -0.005953914 -0.005833989 -0.046052165 0.005943856 0.999980807 -0.001739906 -0.007543754 0.005844237 0.001705169 0.999981463 7.688175678
0.999964595 -0.006253144 -0.005626370 -0.045117579 0.006240027 0.999977767 -0.002345750 -0.010648826 0.005640913 0.002310558 0.999981403 8.106273651
0.999963284 -0.006928217 -0.005040551 -0.049048491 0.006917624 0.999973834 -0.002116066 -0.009893911 0.005055080 0.002081119 0.999985039 8.523262024
0.999967337 -0.006456720 -0.004864962 -0.049511693 0.006448930 0.999977887 -0.001615225 -0.011093447 0.004875284 0.001583798 0.999986887 8.936820984
0.999972761 -0.005462696 -0.004960014 -0.055395432 0.005454576 0.999983788 -0.001649116 -0.013695348 0.004968942 0.001622016 0.999986351 9.344570160
0.999981523 -0.003661868 -0.004847024 -0.066130027 0.003652278 0.999991357 -0.001985913 -0.011196284 0.004854254 0.001968174 0.999986291 9.757420540
0.999982715 -0.003167393 -0.004955707 -0.067446277 0.003154726 0.999991715 -0.002561925 -0.012169788 0.004963781 0.002546246 0.999984443 10.159691811
0.999983549 -0.003407238 -0.004613351 -0.071663104 0.003394834 0.999990582 -0.002693997 -0.012356995 0.004622486 0.002678291 0.999985754 10.551137924
0.999982297 -0.003584970 -0.004752685 -0.068793416 0.003570047 0.999988675 -0.003144723 -0.013435939 0.004763905 0.003127700 0.999983788 10.942133904
0.999982476 -0.003333039 -0.004893641 -0.070434608 0.003311167 0.999984503 -0.004470798 -0.010943862 0.004908467 0.004454516 0.999978006 11.331357956
0.999984682 -0.003088416 -0.004595089 -0.074178211 0.003066738 0.999984145 -0.004717184 -0.012879839 0.004609585 0.004703020 0.999978304 11.713147163
0.999988675 -0.001935067 -0.004342272 -0.078218520 0.001914384 0.999986827 -0.004762163 -0.011832069 0.004351431 0.004753797 0.999979258 12.095257759
0.999989748 -0.001028393 -0.004415454 -0.076483257 0.001006749 0.999987483 -0.004901264 -0.014403817 0.004420439 0.004896768 0.999978244 12.476011276
0.999992192 -0.000260055 -0.003939343 -0.079709269 0.000240845 0.999988079 -0.004876142 -0.018737409 0.003940564 0.004875155 0.999980330 12.847906113
0.999994934 -0.000113552 -0.003174636 -0.085004099 0.000096611 0.999985754 -0.005335926 -0.021209924 0.003175196 0.005335592 0.999980748 13.225004196
0.999997139 0.000049684 -0.002397458 -0.087168805 -0.000065288 0.999978840 -0.006508891 -0.021763507 0.002397083 0.006509029 0.999975920 13.603400230
0.999998271 -0.000180708 -0.001860458 -0.085963830 0.000166317 0.999970078 -0.007732364 -0.026267879 0.001861800 0.007732042 0.999968350 13.969063759
0.999999583 -0.000074524 -0.000904380 -0.087265246 0.000066125 0.999956906 -0.009283424 -0.026948361 0.000905033 0.009283361 0.999956489 14.338682175
0.999999821 -0.000550347 -0.000008281 -0.086416833 0.000550239 0.999951243 -0.009856725 -0.025560644 0.000013705 0.009856719 0.999951422 14.717259407
0.999998331 -0.001626036 0.000810191 -0.083104551 0.001634351 0.999944925 -0.010369688 -0.023984266 -0.000793285 0.010370996 0.999945879 15.095202446
0.999997377 -0.001901008 0.001255781 -0.081777766 0.001915046 0.999934614 -0.011273148 -0.026976218 -0.001234269 0.011275523 0.999935687 15.475257874
0.999994099 -0.002680159 0.002146635 -0.083865151 0.002706177 0.999921799 -0.012210602 -0.026980296 -0.002113741 0.012216340 0.999923170 15.857011795
0.999989986 -0.003392624 0.002911152 -0.080896251 0.003429872 0.999911070 -0.012886897 -0.029554486 -0.002867173 0.012896753 0.999912739 16.239542007
0.999987900 -0.003291099 0.003654548 -0.081217326 0.003340445 0.999902189 -0.013579411 -0.033737060 -0.003609500 0.013591455 0.999901116 16.631328583
0.999986470 -0.003537642 0.003820615 -0.075344563 0.003590648 0.999896169 -0.013957289 -0.031752639 -0.003770842 0.013970818 0.999895275 17.025794983
0.999982059 -0.003740107 0.004675269 -0.076288074 0.003805987 0.999892473 -0.014162549 -0.033627778 -0.004621797 0.014180089 0.999888778 17.427268982
0.999972224 -0.005342565 0.005193241 -0.071661718 0.005417621 0.999879479 -0.014547818 -0.041263960 -0.005114892 0.014575549 0.999880672 17.846534729
0.999960780 -0.006730771 0.005760431 -0.070848048 0.006818867 0.999857962 -0.015412715 -0.041802701 -0.005655874 0.015451390 0.999864638 18.266399384
0.999949217 -0.007946980 0.006193091 -0.063805141 0.008045718 0.999838233 -0.016084876 -0.043758649 -0.006064263 0.016133888 0.999851465 18.703399658
0.999944150 -0.008198708 0.006671674 -0.064857483 0.008300547 0.999847233 -0.015382558 -0.052255854 -0.006544538 0.015437078 0.999859452 19.153226852
0.999948502 -0.007403971 0.006938247 -0.061312564 0.007502820 0.999869168 -0.014330921 -0.052198339 -0.006831233 0.014382239 0.999873221 19.611551285
0.999948919 -0.006730859 0.007541273 -0.062632628 0.006831679 0.999886572 -0.013423990 -0.053163968 -0.007450063 0.013474824 0.999881446 20.098072052
0.999945343 -0.007146496 0.007628877 -0.055482097 0.007246381 0.999887347 -0.013146663 -0.047413338 -0.007534065 0.013201227 0.999884486 20.592676163
0.999933660 -0.008331156 0.007955024 -0.052900556 0.008427371 0.999890804 -0.012138969 -0.057799283 -0.007853024 0.012205204 0.999894679 21.102207184
0.999939322 -0.007993342 0.007577522 -0.053710531 0.008077735 0.999904931 -0.011172837 -0.055924710 -0.007487494 0.011233368 0.999908864 21.632747650
0.999947190 -0.007458630 0.007073047 -0.049112841 0.007537126 0.999909580 -0.011136893 -0.056882538 -0.006989341 0.011189615 0.999912977 22.187770844
0.999949396 -0.007351009 0.006868842 -0.046700861 0.007433722 0.999899209 -0.012094939 -0.055788316 -0.006779240 0.012145388 0.999903262 22.751127243
0.999954700 -0.007114796 0.006325641 -0.047037985 0.007198926 0.999884605 -0.013378156 -0.052902192 -0.006229728 0.013423088 0.999890506 23.335102081
0.999965906 -0.006069470 0.005599601 -0.051633380 0.006144496 0.999890268 -0.013479983 -0.049936719 -0.005517170 0.013513931 0.999893486 23.930019379
0.999975681 -0.004909991 0.004956354 -0.047711447 0.004969012 0.999916017 -0.011967041 -0.048240375 -0.004897180 0.011991378 0.999916136 24.574897766
0.999984324 -0.003626201 0.004262213 -0.051321708 0.003669163 0.999942124 -0.010115696 -0.049036004 -0.004225285 0.010131177 0.999939740 25.218559265
0.999988079 -0.003593534 0.003314597 -0.051404715 0.003622131 0.999955893 -0.008662278 -0.051784750 -0.003283323 0.008674180 0.999956965 25.877891541
0.999979436 -0.005667990 0.002994843 -0.052853536 0.005691612 0.999952316 -0.007938548 -0.051700518 -0.002949705 0.007955431 0.999963999 26.552909851
0.999981940 -0.005477631 0.002463065 -0.053756960 0.005499367 0.999945223 -0.008906584 -0.048602719 -0.002414143 0.008919969 0.999957323 27.246051788
0.999986053 -0.004803736 0.002183864 -0.056943774 0.004825259 0.999938786 -0.009959042 -0.044122472 -0.002135890 0.009969441 0.999948025 27.946334839
0.999984801 -0.005159358 0.001957550 -0.059285704 0.005178624 0.999936879 -0.009968053 -0.042002149 -0.001905997 0.009978038 0.999948382 28.674461365
0.999968231 -0.007843155 0.001423488 -0.054923590 0.007853716 0.999940515 -0.007571182 -0.038763829 -0.001364021 0.007582121 0.999970317 29.417324066
0.999933481 -0.011463316 0.001258352 -0.047180884 0.011468359 0.999925911 -0.004076756 -0.037643712 -0.001211525 0.004090916 0.999990880 30.189268112
0.999857187 -0.016853478 0.001251513 -0.037396837 0.016855014 0.999857187 -0.001228148 -0.029680442 -0.001230636 0.001249066 0.999998450 30.965656281
0.999840438 -0.017834527 0.000984284 -0.040252730 0.017834689 0.999840915 -0.000156508 -0.031435125 -0.000981336 0.000174037 0.999999523 31.765623093
0.999841452 -0.017796451 0.000567253 -0.043506887 0.017795904 0.999841154 0.000956343 -0.016315684 -0.000584182 -0.000946097 0.999999404 32.577129364
0.999799311 -0.020034596 0.000033654 -0.047262441 0.020034607 0.999799252 -0.000331478 -0.011297618 -0.000027006 0.000332086 0.999999940 33.412235260
0.999685049 -0.025093112 -0.000361930 -0.037253391 0.025092974 0.999685049 -0.000380309 0.000849099 0.000371359 0.000371107 0.999999881 34.254741669
0.999696612 -0.024628164 -0.000403507 -0.038173568 0.024628541 0.999696195 0.000954869 0.009937348 0.000379868 -0.000964517 0.999999464 35.115482330
0.999778450 -0.021043578 -0.000417661 -0.046986271 0.021043755 0.999778450 0.000420599 0.026863661 0.000408718 -0.000429295 0.999999821 35.988521576
0.999811172 -0.019416666 -0.000805677 -0.051661644 0.019415127 0.999809742 -0.001875006 0.034844588 0.000841930 0.001859010 0.999997914 36.866634369
0.999790847 -0.020434234 -0.000840936 -0.053959634 0.020427283 0.999762595 -0.007579076 0.031760246 0.000995609 0.007560313 0.999970913 37.761436462
0.999818742 -0.019035706 -0.000370629 -0.057482678 0.019029597 0.999740958 -0.012485770 0.039037470 0.000608208 0.012476454 0.999921978 38.644725800
0.999888361 -0.014941590 0.000179971 -0.066769965 0.014942664 0.999800563 -0.013251668 0.038879838 0.000018066 0.013252878 0.999912202 39.538135529
0.999901950 -0.014001247 0.000255275 -0.069863565 0.014003231 0.999838829 -0.011234278 0.019366847 -0.000097940 0.011236751 0.999936879 40.462341309
0.999912560 -0.013212292 0.000573458 -0.072214551 0.013216242 0.999884248 -0.007540903 0.014095807 -0.000473759 0.007547822 0.999971390 41.369213104
0.999903202 -0.013893878 0.000721101 -0.071359642 0.013896924 0.999893725 -0.004407670 0.017142467 -0.000659785 0.004417264 0.999990046 42.278869629
0.999880850 -0.015408213 0.000958084 -0.068870388 0.015410562 0.999878168 -0.002494401 0.009828795 -0.000919533 0.002508868 0.999996424 43.197578430
0.999877214 -0.015631957 0.001082891 -0.071759254 0.015636327 0.999869108 -0.004152131 0.007784877 -0.001017843 0.004168554 0.999990821 44.160316467
0.999878645 -0.015512105 0.001421006 -0.073774092 0.015523040 0.999847233 -0.008037482 0.013443901 -0.001296110 0.008058566 0.999966681 45.083427429
0.999887943 -0.014863930 0.001786768 -0.076985382 0.014880281 0.999844015 -0.009515841 0.006984931 -0.001645046 0.009541362 0.999953151 46.006813049
0.999899089 -0.014148314 0.001262592 -0.072384402 0.014158616 0.999863088 -0.008562340 0.013078309 -0.001141277 0.008579353 0.999962568 46.955635071
0.999908388 -0.013489594 0.001101002 -0.069369651 0.013494624 0.999897897 -0.004696384 0.014570901 -0.001037537 0.004710811 0.999988377 47.883125305
0.999913096 -0.013078643 0.001655563 -0.068950489 0.013081558 0.999912858 -0.001762346 0.011010111 -0.001632370 0.001783850 0.999997079 48.826457977
0.999890327 -0.014717844 0.001634509 -0.072746888 0.014719793 0.999890983 -0.001186306 0.013489738 -0.001616871 0.001210236 0.999997973 49.762660980
0.999873221 -0.015890667 0.000997584 -0.074512847 0.015893415 0.999869764 -0.002808769 0.021308349 -0.000952821 0.002824268 0.999995530 50.704971313
0.999870300 -0.016097685 -0.000509712 -0.078612722 0.016095469 0.999862075 -0.004088758 0.015727628 0.000575461 0.004080024 0.999991536 51.687408447
0.999909878 -0.013349921 -0.001414269 -0.092007637 0.013343788 0.999901891 -0.004260162 0.018831642 0.001471002 0.004240906 0.999989927 52.644035339
0.999946296 -0.009991118 -0.002762636 -0.094081528 0.009981247 0.999943852 -0.003563819 0.019378291 0.002798087 0.003536053 0.999989808 53.603740692
0.999977350 -0.005874335 -0.003280751 -0.111316733 0.005866668 0.999980032 -0.002341673 0.023755116 0.003294441 0.002322373 0.999991894 54.568862915
0.999990284 -0.001416837 -0.004170508 -0.122919507 0.001403898 0.999994218 -0.003103787 0.024109771 0.004174881 0.003097902 0.999986470 55.561794281
0.999984026 0.002744232 -0.004935523 -0.140302658 -0.002768095 0.999984503 -0.004834718 0.029490326 0.004922179 0.004848303 0.999976158 56.546226501
0.999981999 0.002601745 -0.005401872 -0.151193708 -0.002637625 0.999974430 -0.006645855 0.025294937 0.005384443 0.006659983 0.999963343 57.535999298
0.999976695 0.003225279 -0.006013700 -0.165942848 -0.003264940 0.999972939 -0.006596947 0.023798976 0.005992260 0.006616427 0.999960184 58.529167175
0.999971449 0.003092459 -0.006894548 -0.174163416 -0.003130973 0.999979496 -0.005582403 0.024051223 0.006877143 0.005603831 0.999960661 59.555709839
0.999968886 0.002178648 -0.007578311 -0.185441375 -0.002218154 0.999983966 -0.005208564 0.024695158 0.007566841 0.005225211 0.999957740 60.568099976
0.999967098 0.001125752 -0.008036964 -0.196187139 -0.001170903 0.999983549 -0.005615422 0.022799725 0.008030510 0.005624647 0.999951959 61.586742401
0.999960184 0.001994085 -0.008700957 -0.212174296 -0.002055138 0.999973297 -0.007013427 0.026475225 0.008686739 0.007031030 0.999937534 62.626853943
0.999953151 0.003035558 -0.009188454 -0.226461679 -0.003124737 0.999948025 -0.009706828 0.026163807 0.009158511 0.009735084 0.999910653 63.656791687
0.999947488 0.002873234 -0.009839227 -0.238022298 -0.002998142 0.999914825 -0.012703731 0.024833016 0.009801889 0.012732563 0.999870896 64.702682495
0.999945104 0.002598868 -0.010151884 -0.252609879 -0.002739281 0.999900460 -0.013841897 0.016017195 0.010114900 0.013868946 0.999852657 65.749954224
0.999939680 0.003613611 -0.010370069 -0.269755900 -0.003741136 0.999917269 -0.012304480 0.014578939 0.010324748 0.012342534 0.999870539 66.807464600
0.999936223 0.003125079 -0.010851809 -0.277220726 -0.003235900 0.999942660 -0.010209732 0.006835368 0.010819280 0.010244196 0.999889016 67.872619629
0.999934912 0.002812763 -0.011059688 -0.295152724 -0.002923235 0.999945879 -0.009985257 -0.000244916 0.011031004 0.010016937 0.999888957 68.940284729
0.999929428 0.003068894 -0.011477405 -0.316000581 -0.003186074 0.999942839 -0.010205326 -0.006911553 0.011445430 0.010241174 0.999882042 70.011978149
0.999923170 0.003227295 -0.011969420 -0.333035558 -0.003343946 0.999947011 -0.009738531 -0.012402681 0.011937357 0.009777809 0.999880970 71.094062805
0.999919534 0.003454061 -0.012205736 -0.353266269 -0.003568019 0.999950111 -0.009327020 -0.016653404 0.012172911 0.009369820 0.999881983 72.177528381
0.999917924 0.003353495 -0.012365844 -0.371258587 -0.003468849 0.999950588 -0.009318801 -0.019314468 0.012333983 0.009360932 0.999880135 73.282615662
0.999916375 0.003261070 -0.012512496 -0.388375878 -0.003375218 0.999952793 -0.009112492 -0.022641622 0.012482189 0.009153962 0.999880195 74.388023376
0.999922514 0.002150729 -0.012262305 -0.409877747 -0.002258140 0.999959171 -0.008752360 -0.022252394 0.012242980 0.008779372 0.999886513 75.502357483
0.999919951 0.001765889 -0.012526689 -0.424121410 -0.001866743 0.999965906 -0.008044023 -0.026937483 0.012512057 0.008066763 0.999889195 76.616668701
0.999929368 -0.000257260 -0.011880402 -0.452558398 0.000160965 0.999967158 -0.008105567 -0.029441778 0.011882097 0.008103082 0.999896586 77.733489990
0.999921024 -0.000559079 -0.012552924 -0.451477706 0.000454399 0.999965131 -0.008340411 -0.038105894 0.012557149 0.008334049 0.999886453 78.873352051
0.999922752 -0.001311012 -0.012357778 -0.468478888 0.001217903 0.999970853 -0.007538949 -0.036244590 0.012367301 0.007523316 0.999895215 80.003044128
0.999916971 -0.001837495 -0.012756196 -0.477528244 0.001761254 0.999980509 -0.005985440 -0.043879420 0.012766946 0.005962476 0.999900699 81.142166138
0.999918759 -0.000974072 -0.012711148 -0.495778590 0.000895591 0.999980509 -0.006178436 -0.037201017 0.012716918 0.006166550 0.999900103 82.270576477
0.999922097 -0.000428407 -0.012473334 -0.519633710 0.000351314 0.999980807 -0.006182183 -0.042251796 0.012475743 0.006177319 0.999903083 83.402183533
0.999922216 0.000907974 -0.012437335 -0.540213585 -0.000972244 0.999986231 -0.005162468 -0.041897189 0.012432476 0.005174159 0.999909341 84.534255981
0.999922216 0.000407616 -0.012467318 -0.556920171 -0.000465464 0.999989152 -0.004637368 -0.050911866 0.012465292 0.004642811 0.999911547 85.660675049
0.999928176 0.000932220 -0.011950703 -0.578406513 -0.000980600 0.999991357 -0.004043097 -0.054693110 0.011946831 0.004054525 0.999920428 86.783782959
0.999926448 0.000422993 -0.012120614 -0.593318105 -0.000476047 0.999990344 -0.004374612 -0.050961573 0.012118646 0.004380060 0.999916971 87.929237366
0.999931574 0.002225929 -0.011482632 -0.616223097 -0.002282349 0.999985397 -0.004902762 -0.052896257 0.011471550 0.004928634 0.999922037 89.035186768
0.999933004 0.002966033 -0.011186595 -0.630250275 -0.003029214 0.999979556 -0.005635274 -0.053958818 0.011169652 0.005668783 0.999921560 90.171035767
0.999943435 0.003078870 -0.010179934 -0.652154088 -0.003124272 0.999985218 -0.004447031 -0.055657074 0.010166092 0.004478585 0.999938309 91.277549744
0.999946177 0.003239306 -0.009855408 -0.663948715 -0.003279686 0.999986291 -0.004083835 -0.058182895 0.009842045 0.004115937 0.999943078 92.415550232
0.999955177 0.002648812 -0.009087651 -0.674999237 -0.002684336 0.999988794 -0.003899102 -0.060035329 0.009077221 0.003923322 0.999951124 93.523307800
0.999961972 0.001878019 -0.008513647 -0.695764601 -0.001907658 0.999992132 -0.003474550 -0.057888359 0.008507055 0.003490659 0.999957740 94.633842468
0.999968171 0.001649542 -0.007809281 -0.706553340 -0.001668744 0.999995589 -0.002453116 -0.060493775 0.007805200 0.002466070 0.999966502 95.722381592
0.999969363 0.001135539 -0.007746906 -0.702011228 -0.001157136 0.999995470 -0.002783790 -0.066781826 0.007743710 0.002792669 0.999966145 96.849197388
0.999974430 0.001309295 -0.007028727 -0.716585398 -0.001334854 0.999992490 -0.003632932 -0.070662417 0.007023918 0.003642222 0.999968708 97.930107117
0.999978900 0.000938727 -0.006429364 -0.722563148 -0.000965715 0.999990702 -0.004195817 -0.073454112 0.006425366 0.004201937 0.999970555 99.003746033
0.999982297 0.001691292 -0.005708775 -0.733863831 -0.001714012 0.999990642 -0.003977254 -0.079415932 0.005701995 0.003986969 0.999975801 100.086807251
0.999987006 0.001510004 -0.004868892 -0.742474139 -0.001525699 0.999993622 -0.003221270 -0.081357442 0.004863997 0.003228656 0.999982953 101.149505615
0.999985337 0.002653951 -0.004724014 -0.743774533 -0.002668660 0.999991596 -0.003110261 -0.087354466 0.004715719 0.003122822 0.999984026 102.238449097
0.999987185 0.002457033 -0.004429227 -0.744695961 -0.002477589 0.999986172 -0.004641486 -0.091692008 0.004417762 0.004652401 0.999979436 103.297836304
0.999986529 0.003570026 -0.003767339 -0.756743848 -0.003592403 0.999975860 -0.005949769 -0.092997253 0.003746007 0.005963223 0.999975204 104.347465515
0.999990284 0.003108245 -0.003121749 -0.759466171 -0.003122522 0.999984622 -0.004579142 -0.096622258 0.003107468 0.004588845 0.999984622 105.407127380
0.999991179 0.003129424 -0.002793360 -0.764045656 -0.003135315 0.999992847 -0.002107142 -0.100752287 0.002786746 0.002115881 0.999993861 106.452606201
0.999994457 0.002082269 -0.002587608 -0.768181324 -0.002085174 0.999997199 -0.001120084 -0.101028666 0.002585269 0.001125474 0.999996006 107.500892639
0.999995291 0.001253874 -0.002802126 -0.769767463 -0.001258982 0.999997556 -0.001821605 -0.099310227 0.002799835 0.001825125 0.999994397 108.542053223
0.999997079 -0.000052172 -0.002424234 -0.777119279 0.000046006 0.999996781 -0.002543468 -0.101026826 0.002424359 0.002543349 0.999993801 109.565933228
0.999995530 -0.000405277 -0.002968336 -0.779218912 0.000392439 0.999990582 -0.004324148 -0.101487555 0.002970061 0.004322963 0.999986231 110.604446411
0.999995530 -0.000714198 -0.002893794 -0.786688566 0.000699303 0.999986529 -0.005144899 -0.103601649 0.002897429 0.005142852 0.999982595 111.615379333
0.999993384 -0.000291847 -0.003630338 -0.797912717 0.000271958 0.999984980 -0.005477860 -0.110649638 0.003631882 0.005476837 0.999978423 112.664299011
0.999992371 0.000352867 -0.003892961 -0.808693349 -0.000373670 0.999985635 -0.005344232 -0.113714248 0.003891019 0.005345645 0.999978125 113.671119690
0.999987960 -0.000191092 -0.004908108 -0.807215512 0.000172795 0.999993026 -0.003727983 -0.122782394 0.004908787 0.003727091 0.999980986 114.700347900
0.999987602 -0.000097691 -0.004981555 -0.819328666 0.000087362 0.999997854 -0.002073744 -0.127640039 0.004981746 0.002073283 0.999985456 115.700546265
0.999985039 0.000558568 -0.005441283 -0.830928266 -0.000562769 0.999999523 -0.000770602 -0.129821971 0.005440850 0.000773653 0.999984920 116.702201843
0.999977529 0.000285279 -0.006698276 -0.831608415 -0.000290323 0.999999702 -0.000751949 -0.131005287 0.006698059 0.000753877 0.999977291 117.720146179
0.999974251 -0.000788674 -0.007135950 -0.840912879 0.000783913 0.999999464 -0.000669995 -0.131766275 0.007136474 0.000664384 0.999974310 118.707389832
0.999967933 -0.001980813 -0.007759589 -0.845666945 0.001974699 0.999997735 -0.000795602 -0.129165307 0.007761147 0.000780254 0.999969602 119.701515198
0.999964654 -0.002423050 -0.008053763 -0.856207371 0.002414624 0.999996543 -0.001055779 -0.127065450 0.008056293 0.001036295 0.999967039 120.670837402
0.999957740 -0.002845492 -0.008740787 -0.864067674 0.002826907 0.999993742 -0.002137873 -0.135993615 0.008746816 0.002113073 0.999959528 121.649459839
0.999948025 -0.002670906 -0.009841080 -0.866121888 0.002628786 0.999987364 -0.004290458 -0.136270687 0.009852415 0.004264365 0.999942362 122.650413513
0.999947011 -0.003282665 -0.009754877 -0.879984677 0.003228306 0.999979198 -0.005583053 -0.137791693 0.009773001 0.005551265 0.999936819 123.606712341
0.999943495 -0.001788923 -0.010481258 -0.891842902 0.001732709 0.999984086 -0.005369944 -0.140213743 0.010490698 0.005351479 0.999930680 124.566978455
0.999946415 -0.001009330 -0.010300792 -0.908112645 0.000968594 0.999991715 -0.003958876 -0.145588517 0.010304702 0.003948687 0.999939084 125.514396667
0.999940395 -0.000445269 -0.010910085 -0.915852904 0.000413169 0.999995589 -0.002944294 -0.145562813 0.010911348 0.002939611 0.999936163 126.475914001
0.999938369 -0.000927484 -0.011063226 -0.928282380 0.000904115 0.999997377 -0.002117139 -0.146106064 0.011065161 0.002107006 0.999936581 127.408821106
0.999935627 -0.001171683 -0.011284429 -0.941594481 0.001162860 0.999998987 -0.000788369 -0.152116165 0.011285341 0.000775196 0.999936044 128.348175049
0.999932528 -0.002321914 -0.011380847 -0.949999213 0.002325519 0.999997258 0.000303590 -0.146987244 0.011380111 -0.000330036 0.999935210 129.291793823
0.999930024 -0.002150543 -0.011630496 -0.960627675 0.002161904 0.999997199 0.000964413 -0.142702058 0.011628389 -0.000989489 0.999931872 130.194625854
0.999932528 -0.002356414 -0.011373839 -0.974315584 0.002369500 0.999996543 0.001137185 -0.147254601 0.011371121 -0.001164058 0.999934673 131.077499390
0.999935210 -0.001660637 -0.011260012 -0.987794816 0.001664847 0.999998569 0.000364551 -0.146818131 0.011259390 -0.000383273 0.999936521 131.921844482
0.999932528 -0.001782887 -0.011478777 -0.995653749 0.001789855 0.999998212 0.000596823 -0.153243497 0.011477692 -0.000617328 0.999933958 132.760162354
0.999935746 -0.002051737 -0.011147145 -1.006511092 0.002050561 0.999997914 -0.000116936 -0.152249008 0.011147361 0.000094071 0.999937832 133.568984985
0.999940693 -0.002099723 -0.010683991 -1.017889977 0.002096295 0.999997735 -0.000332090 -0.161006108 0.010684664 0.000309673 0.999942899 134.357711792
0.999946654 -0.001187942 -0.010262253 -1.030716181 0.001190824 0.999999225 0.000274733 -0.161680534 0.010261919 -0.000286938 0.999947309 135.112884521
0.999944568 -0.000596753 -0.010511837 -1.035466433 0.000610408 0.999998987 0.001295908 -0.161784843 0.010511053 -0.001302252 0.999943912 135.864181519
0.999948323 -0.000585845 -0.010147638 -1.045658112 0.000600370 0.999998808 0.001428392 -0.160377800 0.010146789 -0.001434410 0.999947488 136.567779541
0.999950230 -0.000804646 -0.009943944 -1.054835439 0.000830286 0.999996364 0.002574668 -0.168677658 0.009941836 -0.002582796 0.999947250 137.252014160
0.999953151 -0.000484481 -0.009668835 -1.061468720 0.000514808 0.999994934 0.003134371 -0.172929019 0.009667267 -0.003139201 0.999948323 137.918853760
0.999956071 -0.000601298 -0.009355728 -1.068339705 0.000620049 0.999997795 0.002001408 -0.169990137 0.009354504 -0.002007121 0.999954224 138.551300049
0.999957323 -0.001005909 -0.009185067 -1.075294614 0.001015439 0.999998927 0.001032944 -0.171061501 0.009184019 -0.001042227 0.999957263 139.160232544
0.999959648 -0.000543791 -0.008965356 -1.085370421 0.000549731 0.999999642 0.000660051 -0.171300933 0.008964994 -0.000664953 0.999959588 139.754974365
0.999959052 -0.000888294 -0.009009059 -1.091563940 0.000883076 0.999999464 -0.000583125 -0.169929847 0.009009572 0.000575146 0.999959230 140.320175171
0.999952555 -0.002109804 -0.009510201 -1.096648455 0.002089493 0.999995530 -0.002145110 -0.173156843 0.009514685 0.002125137 0.999952495 140.866439819
0.999943793 -0.002785476 -0.010232507 -1.098867655 0.002748346 0.999989569 -0.003640851 -0.176596165 0.010242542 0.003612524 0.999940991 141.403518677
0.999936461 -0.002305678 -0.011033121 -1.110421777 0.002246079 0.999982834 -0.005411249 -0.179357126 0.011045409 0.005386124 0.999924481 141.932952881
0.999929309 -0.002012657 -0.011717165 -1.121618390 0.001944445 0.999981105 -0.005829970 -0.181748375 0.011728677 0.005806774 0.999914348 142.456314087
0.999919415 -0.001806760 -0.012566274 -1.131270885 0.001743858 0.999985933 -0.005014760 -0.187119111 0.012575157 0.004992443 0.999908447 142.985397339
0.999909103 -0.001994128 -0.013334604 -1.141447425 0.001933803 0.999987841 -0.004535290 -0.185025826 0.013343485 0.004509092 0.999900818 143.500961304
0.999900877 -0.001365650 -0.014014324 -1.152551651 0.001316784 0.999993026 -0.003495493 -0.189020634 0.014019000 0.003476693 0.999895692 144.002243042
0.999901295 -0.000105116 -0.014048073 -1.165942669 0.000068160 0.999996543 -0.002631121 -0.192007095 0.014048301 0.002629904 0.999897838 144.503890991
0.999888062 -0.000874769 -0.014936408 -1.165084004 0.000849462 0.999998212 -0.001700560 -0.197628200 0.014937868 0.001687682 0.999886990 145.008590698
0.999883235 0.000122965 -0.015282607 -1.171949983 -0.000138983 0.999999464 -0.001047082 -0.196987227 0.015282470 0.001049084 0.999882638 145.477996826
0.999882460 0.000348295 -0.015326802 -1.182100415 -0.000358420 0.999999702 -0.000657857 -0.197687030 0.015326568 0.000663273 0.999882340 145.932113647
0.999881268 -0.000075014 -0.015409245 -1.195220351 0.000069690 0.999999940 -0.000346031 -0.199227244 0.015409270 0.000344916 0.999881208 146.377624512
0.999881208 -0.000459350 -0.015405438 -1.200550914 0.000459035 0.999999881 -0.000023969 -0.198580146 0.015405447 0.000016894 0.999881327 146.796325684
0.999882758 0.000703744 -0.015294983 -1.205275893 -0.000696007 0.999999642 0.000511178 -0.198866606 0.015295337 -0.000500473 0.999882877 147.197463989
0.999884665 0.001294216 -0.015133452 -1.216253638 -0.001280608 0.999998748 0.000908849 -0.204587787 0.015134609 -0.000889364 0.999885082 147.586608887
0.999885678 0.001973985 -0.014991690 -1.222898602 -0.001962340 0.999997735 0.000791412 -0.200938463 0.014993219 -0.000761902 0.999887288 147.942901611
0.999893248 0.001514672 -0.014533805 -1.227013588 -0.001507458 0.999998748 0.000507262 -0.201508984 0.014534554 -0.000485299 0.999894261 148.282363892
0.999900639 0.001669713 -0.013999120 -1.235834837 -0.001665776 0.999998569 0.000292869 -0.204010591 0.013999590 -0.000269521 0.999901950 148.598327637
0.999903440 0.001445504 -0.013819640 -1.240936518 -0.001446457 0.999998927 -0.000058968 -0.200425506 0.013819540 0.000078952 0.999904513 148.921432495
0.999907792 0.001510860 -0.013495716 -1.246602178 -0.001527580 0.999998093 -0.001228674 -0.196372718 0.013493834 0.001249177 0.999908149 149.220275879
0.999913335 0.001429223 -0.013086315 -1.255521059 -0.001462086 0.999995828 -0.002502074 -0.196247846 0.013082685 0.002520990 0.999911249 149.511398315
0.999911964 0.002058464 -0.013109395 -1.257972956 -0.002107104 0.999990940 -0.003697640 -0.197698906 0.013101665 0.003724938 0.999907255 149.804977417
0.999913514 0.001850191 -0.013019117 -1.262515783 -0.001906797 0.999988794 -0.004336861 -0.198911816 0.013010947 0.004361311 0.999905825 150.094085693
0.999909222 0.001719677 -0.013365174 -1.265341520 -0.001779482 0.999988437 -0.004464121 -0.199539393 0.013357342 0.004487498 0.999900699 150.382858276
0.999906778 0.001466054 -0.013574477 -1.270529985 -0.001528434 0.999988317 -0.004586156 -0.199593842 0.013567595 0.004606476 0.999897361 150.660247803
0.999904752 0.001443972 -0.013727256 -1.275943041 -0.001505230 0.999988973 -0.004453225 -0.200385630 0.013720674 0.004473464 0.999895871 150.936538696
0.999902606 0.000959933 -0.013921954 -1.281043053 -0.001019669 0.999990284 -0.004284299 -0.203469932 0.013917706 0.004298078 0.999893904 151.209686279
0.999896884 0.000737027 -0.014340102 -1.277114987 -0.000804897 0.999988496 -0.004727743 -0.205168277 0.014336452 0.004738798 0.999885976 151.482757568
0.999895811 0.000333680 -0.014431987 -1.283779621 -0.000408471 0.999986529 -0.005179670 -0.208269238 0.014430064 0.005185025 0.999882460 151.754928589
0.999891162 0.000824533 -0.014730763 -1.290576696 -0.000906232 0.999984264 -0.005540323 -0.207062110 0.014725963 0.005553070 0.999876142 152.014678955
0.999888241 0.001013498 -0.014916082 -1.292888880 -0.001093374 0.999985099 -0.005347818 -0.203366145 0.014910440 0.005363530 0.999874473 152.275512695
0.999883354 0.000701528 -0.015257096 -1.295549393 -0.000775244 0.999988079 -0.004826216 -0.208575711 0.015253528 0.004837481 0.999871969 152.538436890
0.999877572 0.000529484 -0.015639901 -1.300261259 -0.000598418 0.999990106 -0.004403194 -0.216129288 0.015637415 0.004412014 0.999867976 152.787872314
0.999880552 0.000807790 -0.015435493 -1.311079621 -0.000873362 0.999990642 -0.004241826 -0.215333894 0.015431921 0.004254801 0.999871850 153.031646729
0.999872327 0.000925138 -0.015953895 -1.310153127 -0.000994511 0.999990106 -0.004340938 -0.213037878 0.015949721 0.004356250 0.999863327 153.272964478
0.999866843 0.000466367 -0.016310589 -1.311481595 -0.000536229 0.999990702 -0.004279170 -0.212507308 0.016308444 0.004287347 0.999857843 153.505966187
0.999865294 0.000757629 -0.016396798 -1.317894220 -0.000825770 0.999991059 -0.004149391 -0.214236528 0.016393507 0.004162372 0.999856949 153.730499268
0.999862432 -0.000064052 -0.016585590 -1.318347812 -0.000000218 0.999992490 -0.003874990 -0.213851839 0.016585713 0.003874461 0.999854922 153.944747925
0.999862731 -0.000607835 -0.016558029 -1.324928880 0.000550665 0.999993861 -0.003457070 -0.215115100 0.016560029 0.003447478 0.999856949 154.161392212
0.999858499 -0.001332222 -0.016767653 -1.326910138 0.001283558 0.999994934 -0.002912677 -0.216469899 0.016771449 0.002890742 0.999855161 154.351638794
0.999857068 -0.001331539 -0.016854124 -1.332227468 0.001289270 0.999996006 -0.002518532 -0.217293724 0.016857410 0.002496442 0.999854803 154.524398804
0.999858916 -0.000944960 -0.016772116 -1.338508606 0.000910569 0.999997497 -0.002058001 -0.217738777 0.016774019 0.002042438 0.999857247 154.695419312
0.999854803 -0.000171903 -0.017039077 -1.337881207 0.000143159 0.999998569 -0.001688161 -0.217099845 0.017039344 0.001685477 0.999853373 154.833404541
0.999850452 -0.000040665 -0.017294768 -1.343914270 0.000016773 0.999999046 -0.001381592 -0.218907475 0.017294807 0.001381095 0.999849498 154.978027344
0.999856412 0.000056143 -0.016945099 -1.349712849 -0.000083576 0.999998689 -0.001618247 -0.216108754 0.016944986 0.001619431 0.999855101 155.093246460
0.999848545 -0.000206878 -0.017401431 -1.347343922 0.000161720 0.999996603 -0.002596429 -0.220178068 0.017401909 0.002593221 0.999845207 155.200424194
0.999846458 -0.000020673 -0.017524762 -1.349442720 -0.000043873 0.999993205 -0.003682741 -0.216477767 0.017524719 0.003682945 0.999839664 155.291839600
0.999847651 0.000652075 -0.017443586 -1.352596760 -0.000724652 0.999991119 -0.004154657 -0.212852418 0.017440721 0.004166665 0.999839246 155.377212524
0.999847233 0.000511622 -0.017469848 -1.355580807 -0.000580988 0.999991953 -0.003965756 -0.213121325 0.017467678 0.003975300 0.999839544 155.456253052
0.999843359 0.000263508 -0.017695524 -1.356050611 -0.000329102 0.999993086 -0.003704014 -0.217259705 0.017694425 0.003709258 0.999836564 155.530487061
0.999843001 -0.000087707 -0.017717799 -1.355156422 0.000021730 0.999993086 -0.003723919 -0.215500668 0.017718002 0.003722949 0.999836087 155.601760864
0.999840558 -0.000260994 -0.017853759 -1.353378057 0.000193945 0.999992907 -0.003757082 -0.215785190 0.017854612 0.003753020 0.999833524 155.663894653
0.999843299 0.000073042 -0.017700644 -1.358845830 -0.000147492 0.999991179 -0.004204803 -0.213989019 0.017700180 0.004206755 0.999834478 155.716186523
0.999842227 0.000255345 -0.017760754 -1.360582709 -0.000341887 0.999988079 -0.004869792 -0.212767988 0.017759297 0.004875096 0.999830425 155.767028809
0.999840140 0.000218308 -0.017879972 -1.359972477 -0.000306896 0.999987662 -0.004952010 -0.216931298 0.017878672 0.004956705 0.999827862 155.816101074
0.999839723 0.000119151 -0.017904365 -1.362009764 -0.000208003 0.999987662 -0.004960763 -0.216265753 0.017903553 0.004963692 0.999827385 155.868515015
0.999838173 0.000275009 -0.017987244 -1.362767935 -0.000364918 0.999987483 -0.004995383 -0.212932423 0.017985644 0.005001138 0.999825716 155.910720825
0.999839127 0.000214403 -0.017936807 -1.363148808 -0.000300981 0.999988317 -0.004824252 -0.216008261 0.017935563 0.004828874 0.999827504 155.950576782
0.999836743 0.000248484 -0.018067243 -1.363335490 -0.000336998 0.999987960 -0.004896276 -0.212655604 0.018065808 0.004901565 0.999824762 155.982543945
0.999835610 0.000269419 -0.018130230 -1.364411473 -0.000353136 0.999989271 -0.004614491 -0.216059819 0.018128792 0.004620134 0.999825001 156.014404297
0.999836087 -0.000003442 -0.018106317 -1.365293503 -0.000080494 0.999989271 -0.004635016 -0.215393186 0.018106138 0.004635714 0.999825299 156.036712646
0.999834776 0.000160731 -0.018176151 -1.363388062 -0.000241117 0.999990225 -0.004420469 -0.216033667 0.018175263 0.004424121 0.999825001 156.055191040
0.999836028 0.000200029 -0.018108850 -1.364782929 -0.000277519 0.999990821 -0.004276724 -0.214933574 0.018107828 0.004281048 0.999826849 156.058761597
0.999836147 0.000103701 -0.018100843 -1.364040613 -0.000180280 0.999991059 -0.004229108 -0.215291575 0.018100241 0.004231678 0.999827206 156.059692383
0.999836624 0.000076024 -0.018076165 -1.364114404 -0.000158801 0.999989510 -0.004577987 -0.213229030 0.018075626 0.004580110 0.999826133 156.053726196
0.999834776 -0.000360494 -0.018175188 -1.361011863 0.000265923 0.999986410 -0.005205455 -0.218631625 0.018176818 0.005199762 0.999821246 156.048950195
0.999835670 -0.000498598 -0.018120520 -1.361606359 0.000388490 0.999981463 -0.006079413 -0.219421849 0.018123215 0.006071374 0.999817312 156.052124023
0.999835968 -0.000246812 -0.018109409 -1.361239433 0.000147041 0.999984801 -0.005510463 -0.220740721 0.018110493 0.005506897 0.999820828 156.055053711
0.999839187 -0.000608051 -0.017921368 -1.365583897 0.000500948 0.999981999 -0.005980190 -0.220743492 0.017924681 0.005970251 0.999821544 156.050964355
0.999837577 -0.000567065 -0.018012393 -1.367145181 0.000450303 0.999978840 -0.006485704 -0.224683836 0.018015690 0.006476540 0.999816716 156.055892944
0.999835014 -0.000579003 -0.018154092 -1.365879178 0.000457950 0.999977648 -0.006671552 -0.224850804 0.018157547 0.006662138 0.999812961 156.069717407
0.999834061 -0.000384184 -0.018213637 -1.361991763 0.000257740 0.999975860 -0.006944139 -0.220878750 0.018215867 0.006938292 0.999809980 156.078903198
0.999838412 -0.000495283 -0.017968785 -1.367520928 0.000372620 0.999976635 -0.006829161 -0.225752100 0.017971747 0.006821362 0.999815226 156.083023071
0.999839187 -0.000345138 -0.017928319 -1.365786672 0.000227543 0.999978423 -0.006560829 -0.225374341 0.017930197 0.006555694 0.999817729 156.105422974
0.999842167 -0.000160827 -0.017764911 -1.372984171 0.000044896 0.999978721 -0.006526067 -0.224761277 0.017765582 0.006524239 0.999820888 156.126113892
0.999838114 -0.000369207 -0.017989326 -1.370176077 0.000248638 0.999977469 -0.006703978 -0.225367337 0.017991398 0.006698420 0.999815702 156.146835327
0.999839783 -0.000414991 -0.017895376 -1.373851299 0.000290329 0.999975681 -0.006968203 -0.224213034 0.017897833 0.006961891 0.999815583 156.174560547
0.999835312 -0.000351788 -0.018143011 -1.368694305 0.000218412 0.999972939 -0.007352848 -0.228580818 0.018145107 0.007347675 0.999808371 156.209503174
0.999836028 -0.000555748 -0.018099416 -1.371759892 0.000411290 0.999968052 -0.007984098 -0.228238136 0.018103275 0.007975345 0.999804318 156.248275757
0.999830663 -0.000484967 -0.018394526 -1.367160678 0.000317800 0.999958634 -0.009089749 -0.226578996 0.018398173 0.009082365 0.999789476 156.301269531
0.999830842 -0.000215122 -0.018391348 -1.367330194 0.000038753 0.999954045 -0.009589593 -0.229010627 0.018392567 0.009587258 0.999784887 156.367996216
0.999837399 -0.000335305 -0.018028658 -1.371898055 0.000151380 0.999947965 -0.010202167 -0.229969576 0.018031141 0.010197779 0.999785423 156.444442749
0.999843061 -0.000391069 -0.017712766 -1.373532534 0.000205376 0.999945045 -0.010484167 -0.228381053 0.017715894 0.010478884 0.999788165 156.538619995
0.999844909 -0.000432173 -0.017606359 -1.374588251 0.000244997 0.999943435 -0.010631890 -0.229148015 0.017609958 0.010625927 0.999788463 156.645401001
0.999848664 -0.000586350 -0.017387167 -1.375692964 0.000394817 0.999939203 -0.011017150 -0.228425950 0.017392570 0.011008618 0.999788105 156.766784668
0.999859631 -0.000910420 -0.016730882 -1.381458998 0.000721522 0.999935985 -0.011292928 -0.231151506 0.016740091 0.011279271 0.999796271 156.904373169
0.999863505 -0.001019721 -0.016488563 -1.380501628 0.000821300 0.999927223 -0.012036188 -0.229276910 0.016499637 0.012021002 0.999791622 157.066085815
0.999872565 -0.001086493 -0.015928121 -1.385900855 0.000882588 0.999917626 -0.012803004 -0.230048016 0.015940720 0.012787315 0.999791145 157.238616943
0.999877810 -0.000986911 -0.015600915 -1.387819052 0.000776577 0.999908805 -0.013482446 -0.231724292 0.015612799 0.013468683 0.999787390 157.429870605
0.999882102 -0.000730061 -0.015338893 -1.387390375 0.000513845 0.999900520 -0.014095149 -0.229660243 0.015347658 0.014085606 0.999782979 157.645690918
