1.000000000 0.000000000 0.000000000 0.000000000 0.000000000 1.000000000 0.000000000 0.000000000 0.000000000 0.000000000 1.000000000 0.000000000
0.999999762 0.000172404 0.000706101 -0.027053326 -0.000172661 0.999999940 0.000363457 -0.004851653 -0.000706038 -0.000363579 0.999999702 0.295574695
0.999999225 0.000601421 0.001098021 -0.049573012 -0.000602180 0.999999583 0.000691817 -0.007501528 -0.001097605 -0.000692478 0.999999166 0.636108041
0.999999583 0.000447740 0.000794477 -0.046480451 -0.000447951 0.999999881 0.000265640 -0.010357221 -0.000794358 -0.000265995 0.999999642 0.994104862
0.999999583 0.000105843 0.000886510 -0.049646780 -0.000106101 0.999999940 0.000290324 -0.014177727 -0.000886479 -0.000290418 0.999999583 1.329219580
0.999999106 -0.000065319 0.001319346 -0.060305640 0.000064190 0.999999642 0.000856274 -0.018871635 -0.001319402 -0.000856188 0.999998748 1.668108225
0.999998927 -0.000156911 0.001461868 -0.055716809 0.000156418 0.999999940 0.000337160 -0.024904033 -0.001461921 -0.000336931 0.999998868 2.023435593
0.999999523 0.000070812 0.000990943 -0.052511513 -0.000070936 1.000000000 0.000125299 -0.028731802 -0.000990934 -0.000125369 0.999999523 2.341255903
0.999999762 0.000203901 0.000659504 -0.056972798 -0.000204170 0.999999881 0.000407896 -0.031196877 -0.000659421 -0.000408031 0.999999702 2.672551632
0.999999642 0.000763218 0.000430278 -0.063026845 -0.000763417 0.999999583 0.000460698 -0.038894564 -0.000429926 -0.000461026 0.999999821 3.010456562
0.999999821 0.000586838 -0.000051248 -0.060846888 -0.000586818 0.999999762 0.000387084 -0.044756565 0.000051475 -0.000387054 0.999999940 3.315572977
0.999999940 0.000376695 -0.000072303 -0.072428904 -0.000376655 0.999999762 0.000554202 -0.044166218 0.000072512 -0.000554175 0.999999821 3.644459009
0.999999642 0.000237509 -0.000796148 -0.062386006 -0.000236904 0.999999702 0.000759622 -0.051079996 0.000796328 -0.000759433 0.999999404 3.957908630
0.999999404 -0.000351205 -0.001012417 -0.059822410 0.000351970 0.999999642 0.000755125 -0.051456362 0.001012151 -0.000755481 0.999999225 4.267667770
0.999999046 0.000124536 -0.001360759 -0.076451324 -0.000124458 1.000000000 0.000057521 -0.057971157 0.001360766 -0.000057351 0.999999046 4.595697403
0.999997795 0.000539011 -0.002020242 -0.074979745 -0.000539016 0.999999881 -0.000001830 -0.066060022 0.002020241 0.000002919 0.999997973 4.890780926
0.999997377 0.000898748 -0.002119951 -0.080406293 -0.000898383 0.999999583 0.000172909 -0.065737523 0.002120106 -0.000171004 0.999997735 5.200544834
0.999995470 0.001210111 -0.002760524 -0.074364580 -0.001209559 0.999999225 0.000201524 -0.074390627 0.002760766 -0.000198184 0.999996185 5.492285252
0.999995291 0.001200132 -0.002819375 -0.079640888 -0.001199623 0.999999285 0.000182158 -0.075505555 0.002819591 -0.000178774 0.999996006 5.787775040
0.999995351 0.001228744 -0.002794538 -0.089684792 -0.001228748 0.999999225 0.000000251 -0.081098400 0.002794536 0.000003183 0.999996066 6.104908466
0.999993980 0.001211189 -0.003255192 -0.084164076 -0.001212013 0.999999225 -0.000251056 -0.086155169 0.003254886 0.000254999 0.999994695 6.385259628
0.999993443 0.001437065 -0.003331610 -0.089096069 -0.001438580 0.999998868 -0.000452424 -0.085479729 0.003330957 0.000457214 0.999994338 6.672894001
0.999993443 0.001266772 -0.003391057 -0.090948418 -0.001268441 0.999999046 -0.000489917 -0.093100965 0.003390433 0.000494215 0.999994159 6.980892181
0.999992609 0.001108679 -0.003686188 -0.087535836 -0.001110659 0.999999225 -0.000535056 -0.097022757 0.003685592 0.000539146 0.999993086 7.245833874
0.999992907 0.001239728 -0.003549479 -0.087909430 -0.001241158 0.999999166 -0.000400589 -0.095516533 0.003548979 0.000404991 0.999993622 7.527693272
0.999992430 0.001643294 -0.003527485 -0.096841544 -0.001642384 0.999998629 0.000260764 -0.104126006 0.003527909 -0.000254969 0.999993742 7.818216801
0.999990940 0.001916589 -0.003799410 -0.096595868 -0.001915531 0.999998152 0.000282240 -0.109028347 0.003799944 -0.000274960 0.999992728 8.087323189
0.999990165 0.002292443 -0.003798138 -0.101760983 -0.002292681 0.999997377 -0.000058327 -0.108490579 0.003797995 0.000067034 0.999992788 8.361636162
0.999990284 0.002300226 -0.003753245 -0.108599007 -0.002298485 0.999997258 0.000467970 -0.110496290 0.003754311 -0.000459338 0.999992847 8.642034531
0.999990582 0.001947476 -0.003871309 -0.098608024 -0.001944157 0.999997735 0.000860981 -0.119087055 0.003872977 -0.000853446 0.999992132 8.879551888
0.999992609 0.001756510 -0.003428150 -0.107083030 -0.001754685 0.999998331 0.000535274 -0.123462372 0.003429084 -0.000529255 0.999993980 9.136013985
0.999992490 0.001709626 -0.003472113 -0.098935276 -0.001708185 0.999998450 0.000417840 -0.128240168 0.003472822 -0.000411906 0.999993861 9.389751434
0.999992192 0.002142325 -0.003324013 -0.103095382 -0.002140281 0.999997497 0.000618425 -0.131750241 0.003325330 -0.000611306 0.999994278 9.637652397
0.999992192 0.002265162 -0.003237128 -0.107896656 -0.002263667 0.999997318 0.000465303 -0.132965401 0.003238173 -0.000457972 0.999994636 9.892023087
0.999991298 0.002734114 -0.003158650 -0.113234885 -0.002735769 0.999996126 -0.000519838 -0.134825096 0.003157216 0.000528475 0.999994874 10.144260406
0.999992013 0.002399897 -0.003202236 -0.114971571 -0.002404539 0.999996066 -0.001446322 -0.136931479 0.003198752 0.001454010 0.999993801 10.410392761
0.999991536 0.002189022 -0.003482882 -0.115444608 -0.002196035 0.999995589 -0.002010958 -0.143128455 0.003478464 0.002018589 0.999991894 10.672571182
0.999990702 0.002140707 -0.003745454 -0.116809323 -0.002148381 0.999995589 -0.002046030 -0.146048218 0.003741057 0.002054058 0.999990880 10.930392265
0.999990880 0.002252916 -0.003634761 -0.128633127 -0.002261030 0.999994934 -0.002229801 -0.152161136 0.003629719 0.002237999 0.999990880 11.201918602
0.999988019 0.002311021 -0.004318846 -0.130168274 -0.002322583 0.999993742 -0.002674066 -0.158282757 0.004312639 0.002684065 0.999987125 11.454434395
0.999986291 0.002413079 -0.004644819 -0.158455640 -0.002427282 0.999992371 -0.003054555 -0.157693982 0.004637412 0.003065787 0.999984562 11.726216316
0.999982119 0.002250448 -0.005542159 -0.158908725 -0.002268250 0.999992311 -0.003207847 -0.166199103 0.005534897 0.003220361 0.999979496 12.020354271
0.999976873 0.002826562 -0.006185664 -0.176272124 -0.002849012 0.999989390 -0.003623579 -0.168568835 0.006175356 0.003641118 0.999974310 12.311428070
0.999971628 0.003025084 -0.006897834 -0.187504604 -0.003051067 0.999988258 -0.003759464 -0.178166062 0.006886380 0.003780403 0.999969125 12.605481148
0.999971747 0.003008486 -0.006890935 -0.218855202 -0.003038246 0.999986112 -0.004312353 -0.176936716 0.006877866 0.004333167 0.999966979 12.889336586
0.999966741 0.002320525 -0.007822204 -0.256381959 -0.002356276 0.999986827 -0.004564442 -0.177372679 0.007811510 0.004582721 0.999958992 13.237039566
0.999967396 0.002595338 -0.007647066 -0.311200231 -0.002633978 0.999983788 -0.005047227 -0.174426988 0.007633843 0.005067205 0.999958038 13.551183701
0.999966323 0.002703137 -0.007751674 -0.387310028 -0.002746301 0.999980748 -0.005563136 -0.163466021 0.007736487 0.005584237 0.999954462 13.927477837
0.999969482 0.002979715 -0.007217947 -0.427452087 -0.003021175 0.999978960 -0.005739914 -0.163242131 0.007200692 0.005761546 0.999957502 14.219283104
0.999972820 0.002455760 -0.006948197 -0.489476383 -0.002498635 0.999977827 -0.006168863 -0.149177700 0.006932894 0.006186057 0.999956846 14.599795341
0.999979794 0.002743345 -0.005737838 -0.524831951 -0.002779206 0.999976575 -0.006251300 -0.151444033 0.005720554 0.006267120 0.999963999 14.892477036
0.999979556 0.003092022 -0.005596931 -0.558413029 -0.003127175 0.999975383 -0.006282988 -0.149094120 0.005577366 0.006300361 0.999964595 15.216574669
0.999984145 0.003039871 -0.004741858 -0.578161836 -0.003069168 0.999976158 -0.006183378 -0.155451298 0.004722948 0.006197833 0.999969661 15.490606308
0.999985993 0.002963921 -0.004380936 -0.627692580 -0.002993541 0.999972582 -0.006770089 -0.145869270 0.004360750 0.006783109 0.999967515 15.881016731
0.999990463 0.003453520 -0.002672828 -0.642797589 -0.003473357 0.999966204 -0.007453173 -0.150442302 0.002646998 0.007462386 0.999968648 16.174829483
0.999990582 0.003451638 -0.002637909 -0.691921115 -0.003470813 0.999967337 -0.007299385 -0.145164415 0.002612628 0.007308472 0.999969900 16.584640503
0.999991417 0.003539966 -0.002145867 -0.675824344 -0.003555539 0.999967039 -0.007297616 -0.150934473 0.002119963 0.007305183 0.999971092 16.860750198
0.999988079 0.004484298 -0.001926508 -0.722721219 -0.004499254 0.999959230 -0.007830714 -0.151520401 0.001891315 0.007839289 0.999967456 17.295471191
0.999985874 0.005254863 -0.000829030 -0.730785489 -0.005261644 0.999950886 -0.008401397 -0.158792794 0.000784841 0.008405640 0.999964356 17.646236420
0.999989986 0.004248161 -0.001404324 -0.769496918 -0.004259355 0.999958396 -0.008067084 -0.157057509 0.001369995 0.008072985 0.999966502 18.101015091
0.999989510 0.004211767 -0.001811597 -0.760987461 -0.004224947 0.999964178 -0.007334182 -0.163986221 0.001780642 0.007341758 0.999971449 18.469715118
0.999989748 0.004346063 -0.001253056 -0.810898602 -0.004354938 0.999964833 -0.007169556 -0.161795855 0.001221852 0.007174940 0.999973536 18.959552765
0.999987066 0.004731102 -0.001859911 -0.800105691 -0.004743923 0.999964595 -0.006950385 -0.174715430 0.001826962 0.006959118 0.999974132 19.367666245
0.999988794 0.004492765 -0.001501725 -0.874084473 -0.004501728 0.999971747 -0.006019124 -0.159483477 0.001474640 0.006025817 0.999980748 19.974481583
0.999987423 0.004659613 -0.001853568 -0.880856574 -0.004666602 0.999981940 -0.003784227 -0.166511849 0.001835902 0.003792829 0.999991119 20.419942856
0.999994159 0.003300946 -0.000857733 -0.939159036 -0.003302609 0.999992669 -0.001945274 -0.155575633 0.000851305 0.001948095 0.999997735 20.962697983
0.999992788 0.003111762 -0.002171731 -0.914931774 -0.003111416 0.999995172 0.000162298 -0.163914591 0.002172225 -0.000155540 0.999997616 21.373847961
0.999993324 0.003327469 -0.001491263 -0.943695307 -0.003325844 0.999993861 0.001090726 -0.159697607 0.001494883 -0.001085759 0.999998271 21.762851715
0.999995828 0.002717004 -0.000978914 -0.979516983 -0.002715335 0.999994874 0.001703057 -0.162683383 0.000983536 -0.001700392 0.999998093 22.270307541
0.999995887 0.002722078 -0.000871595 -0.953318298 -0.002720519 0.999994695 0.001784614 -0.166312337 0.000876448 -0.001782236 0.999998033 22.583244324
0.999999106 0.001351181 0.000107237 -0.931602478 -0.001351421 0.999996483 0.002272098 -0.168804139 -0.000104167 -0.002272241 0.999997437 22.871921539
0.999995053 0.003125266 -0.000368103 -0.992160201 -0.003124428 0.999992549 0.002254499 -0.185682103 0.000375146 -0.002253338 0.999997377 23.426824570
0.999994278 0.003386375 0.000015833 -0.988996327 -0.003386406 0.999989986 0.002923305 -0.192447320 -0.000005933 -0.002923342 0.999995708 23.778545380
0.999987960 0.004882867 0.000497734 -1.017116427 -0.004884096 0.999984980 0.002497936 -0.191623479 -0.000485530 -0.002500337 0.999996781 24.168720245
0.999986470 0.005191188 0.000313654 -1.003447056 -0.005191931 0.999983609 0.002414883 -0.199781731 -0.000301113 -0.002416478 0.999997020 24.516458511
0.999990463 0.004244507 -0.001002525 -1.001869082 -0.004241642 0.999986947 0.002843152 -0.205904439 0.001014579 -0.002838872 0.999995470 25.002822876
0.999980628 0.006019541 -0.001595049 -1.007044077 -0.006014694 0.999977350 0.003025919 -0.215204343 0.001613228 -0.003016267 0.999994159 25.390542984
0.999978840 0.005891898 -0.002756602 -0.985309780 -0.005883203 0.999977708 0.003151749 -0.221326515 0.002775110 -0.003135464 0.999991238 25.752178192
0.999972045 0.006864688 -0.002959751 -0.963098586 -0.006857306 0.999973357 0.002497138 -0.232287109 0.002976814 -0.002476772 0.999992490 26.056177139
0.999980390 0.006076395 -0.001495811 -1.068138957 -0.006072952 0.999978900 0.002295412 -0.207446545 0.001509728 -0.002286283 0.999996245 26.752374649
0.999970794 0.007436716 -0.001777822 -1.091367364 -0.007432988 0.999970198 0.002094351 -0.211869717 0.001793344 -0.002081075 0.999996245 27.188293457
0.999985516 0.005013122 -0.001943944 -1.069118977 -0.005009223 0.999985456 0.002005389 -0.218038052 0.001953969 -0.001995622 0.999996126 27.550289154
0.999983788 0.005001220 -0.002715536 -1.068989158 -0.004997101 0.999986351 0.001521648 -0.223720998 0.002723109 -0.001508054 0.999995172 27.941381454
0.999981582 0.005151222 -0.003211492 -1.076671004 -0.005148022 0.999986231 0.001003757 -0.226484433 0.003216618 -0.000987206 0.999994338 28.342212677
0.999977589 0.005697044 -0.003523778 -1.090081573 -0.005695951 0.999983728 0.000320031 -0.232765406 0.003525544 -0.000299952 0.999993742 28.757572174
0.999986768 0.004248366 -0.002895404 -1.097331643 -0.004247616 0.999990940 0.000265461 -0.232420906 0.002896506 -0.000253159 0.999995768 29.195037842
0.999982297 0.005450310 -0.002382868 -1.110011101 -0.005450134 0.999985158 0.000080194 -0.237044424 0.002383269 -0.000067206 0.999997139 29.597021103
0.999982119 0.005430337 -0.002506807 -1.122074723 -0.005429603 0.999985218 0.000299607 -0.242118448 0.002508397 -0.000285991 0.999996841 30.026151657
0.999977529 0.006444494 -0.001836956 -1.148569942 -0.006445650 0.999979019 -0.000624190 -0.245896474 0.001832894 0.000636016 0.999998093 30.460340500
0.999985337 0.004994722 -0.002085426 -1.135625720 -0.004995040 0.999987543 -0.000146945 -0.252772152 0.002084666 0.000157359 0.999997795 30.852386475
0.999980092 0.005956734 -0.002069795 -1.157668710 -0.005958042 0.999982059 -0.000626577 -0.256926775 0.002066025 0.000638896 0.999997675 31.285049438
0.999983728 0.005459984 -0.001640917 -1.160713911 -0.005460638 0.999985039 -0.000394226 -0.262204230 0.001638740 0.000403180 0.999998569 31.699726105
0.999982536 0.005815852 -0.001054662 -1.186243534 -0.005816398 0.999982953 -0.000515514 -0.263997018 0.001051646 0.000521639 0.999999285 32.131389618
0.999982536 0.005770080 -0.001289843 -1.186373591 -0.005770032 0.999983370 0.000040413 -0.267322749 0.001290055 -0.000032970 0.999999166 32.545246124
0.999978602 0.006481202 -0.000893780 -1.209711671 -0.006480866 0.999978900 0.000378188 -0.274067283 0.000896212 -0.000372387 0.999999523 32.974487305
0.999987781 0.004921815 -0.000404837 -1.231652379 -0.004921729 0.999987841 0.000213224 -0.269046783 0.000405882 -0.000211229 0.999999881 33.400070190
0.999988317 0.004827485 -0.000251787 -1.250556588 -0.004827401 0.999988317 0.000335150 -0.273129612 0.000253402 -0.000333931 0.999999940 33.817729950
0.999988794 0.004722502 -0.000335913 -1.256989956 -0.004722477 0.999988854 0.000074954 -0.276827514 0.000336263 -0.000073367 0.999999940 34.259731293
0.999981642 0.006055864 -0.000081403 -1.264315724 -0.006055898 0.999981582 -0.000425230 -0.288487405 0.000078826 0.000425715 0.999999881 34.646537781
0.999988139 0.004876062 0.000004386 -1.289705515 -0.004876060 0.999988079 -0.000320503 -0.280220538 -0.000005949 0.000320477 0.999999940 35.058280945
0.999988854 0.004702406 0.000412391 -1.300348520 -0.004702435 0.999988914 0.000069205 -0.282245427 -0.000412062 -0.000071143 0.999999940 35.464069366
0.999984324 0.005598809 0.000223991 -1.311324239 -0.005598869 0.999984264 0.000266647 -0.291006088 -0.000222494 -0.000267897 0.999999940 35.842376709
0.999989867 0.004500396 0.000001514 -1.315938354 -0.004500396 0.999989808 0.000409998 -0.293872327 0.000000331 -0.000410000 0.999999940 36.212131500
0.999993503 0.003585067 0.000367829 -1.338821769 -0.003585294 0.999993384 0.000619070 -0.288289428 -0.000365607 -0.000620385 0.999999762 36.617740631
0.999988735 0.004709192 0.000610804 -1.364291072 -0.004709755 0.999988496 0.000923242 -0.291093796 -0.000606449 -0.000926108 0.999999404 37.003906250
0.999990821 0.004283622 0.000079983 -1.362980723 -0.004283702 0.999990284 0.001012323 -0.295490265 -0.000075646 -0.001012656 0.999999464 37.361946106
0.999989569 0.004563133 0.000296083 -1.402401686 -0.004563281 0.999989450 0.000500785 -0.293287992 -0.000293795 -0.000502131 0.999999821 37.761707306
0.999991953 0.004009996 -0.000026198 -1.421809554 -0.004009960 0.999991179 0.001230227 -0.299197167 0.000031131 -0.001230112 0.999999225 38.139503479
0.999987781 0.004898225 -0.000686515 -1.450665832 -0.004897071 0.999986589 0.001673600 -0.300966978 0.000694704 -0.001670218 0.999998391 38.515670776
0.999989927 0.004377244 -0.000974310 -1.484111667 -0.004375738 0.999989212 0.001542168 -0.298685133 0.000981050 -0.001537889 0.999998331 38.904407501
0.999987781 0.004733944 -0.001414992 -1.519401789 -0.004732426 0.999988198 0.001073999 -0.301099926 0.001420060 -0.001067289 0.999998450 39.286163330
0.999991059 0.003927621 -0.001580365 -1.563905478 -0.003925668 0.999991536 0.001236934 -0.293264180 0.001585210 -0.001230719 0.999997973 39.671272278
0.999987185 0.004578707 -0.002162341 -1.597749591 -0.004575338 0.999988317 0.001560623 -0.290676922 0.002169461 -0.001550710 0.999996424 40.031120300
0.999988616 0.003827344 -0.002849353 -1.630513787 -0.003821454 0.999990582 0.002069747 -0.293653667 0.002857248 -0.002058835 0.999993801 40.391639709
0.999989748 0.003421876 -0.002965538 -1.667445064 -0.003417912 0.999993265 0.001340567 -0.285629600 0.002970105 -0.001330417 0.999994695 40.785011292
0.999984801 0.004170732 -0.003605721 -1.696010709 -0.004165955 0.999990463 0.001331119 -0.290148079 0.003611238 -0.001316078 0.999992609 41.128345490
0.999985516 0.003844534 -0.003768746 -1.755475163 -0.003839193 0.999991596 0.001423328 -0.277246177 0.003774186 -0.001408839 0.999991894 41.509269714
0.999986410 0.003987543 -0.003361774 -1.822772980 -0.003984421 0.999991596 0.000934576 -0.274235964 0.003365473 -0.000921168 0.999993920 41.874599457
0.999982893 0.003321286 -0.004816159 -1.822233438 -0.003314884 0.999993622 0.001336622 -0.297601610 0.004820568 -0.001320635 0.999987483 42.290054321
0.999983430 0.003309682 -0.004706800 -1.873933315 -0.003301210 0.999992907 0.001806577 -0.307906181 0.004712746 -0.001791009 0.999987304 42.640384674
0.999983728 0.003477673 -0.004519536 -1.954758525 -0.003471156 0.999992907 0.001449133 -0.293082982 0.004524543 -0.001433421 0.999988735 42.992496490
0.999983072 0.004008704 -0.004220063 -2.010467529 -0.004001934 0.999990702 0.001611560 -0.295289129 0.004226484 -0.001594645 0.999989808 43.298999786
0.999975622 0.004009349 -0.005717859 -1.979097366 -0.003999815 0.999990582 0.001677783 -0.301762104 0.005724532 -0.001654872 0.999982238 43.619804382
0.999973595 0.004674709 -0.005565091 -2.031753302 -0.004663095 0.999986947 0.002098074 -0.309097141 0.005574826 -0.002072068 0.999982297 43.955883026
0.999972820 0.004855430 -0.005548846 -2.090897560 -0.004841411 0.999985039 0.002537216 -0.298498869 0.005561082 -0.002510283 0.999981403 44.285644531
0.999977350 0.005343251 -0.004095900 -2.175276518 -0.005333881 0.999983132 0.002295389 -0.286563784 0.004108096 -0.002273490 0.999988973 44.591716766
0.999978364 0.005021619 -0.004253991 -2.195096493 -0.005013777 0.999985695 0.001852075 -0.300423175 0.004263231 -0.001830706 0.999989212 44.945003510
0.999982476 0.005452585 -0.002317681 -2.277808905 -0.005448341 0.999983490 0.001833577 -0.303274781 0.002327640 -0.001820918 0.999995649 45.284980774
0.999989808 0.004129426 -0.001828655 -2.326564789 -0.004125286 0.999988914 0.002261982 -0.289402783 0.001837976 -0.002254415 0.999995768 45.573223114
0.999984622 0.005492167 -0.000756158 -2.406785488 -0.005490743 0.999983191 0.001872361 -0.284535319 0.000766429 -0.001868180 0.999997973 45.885231018
0.999985456 0.005392364 -0.000071216 -2.453568459 -0.005392266 0.999984622 0.001312000 -0.282971740 0.000078290 -0.001311597 0.999999166 46.206733704
0.999983132 0.005589626 0.001566532 -2.522424459 -0.005590987 0.999983966 0.000865808 -0.279756874 -0.001561667 -0.000874552 0.999998391 46.504959106
0.999984920 0.004776435 0.002707595 -2.586618423 -0.004779987 0.999987721 0.001306773 -0.276167959 -0.002701320 -0.001319696 0.999995470 46.790351868
0.999983609 0.004741655 0.003214524 -2.633148193 -0.004746522 0.999987602 0.001508171 -0.274459571 -0.003207333 -0.001523404 0.999993682 47.054180145
0.999981999 0.005022830 0.003278979 -2.681599855 -0.005026473 0.999986768 0.001103646 -0.267889827 -0.003273392 -0.001120107 0.999994040 47.373142242
0.999973476 0.005650660 0.004597596 -2.755283594 -0.005657421 0.999982953 0.001458889 -0.268578887 -0.004589274 -0.001484861 0.999988377 47.652267456
0.999969602 0.005616422 0.005405835 -2.826499939 -0.005624040 0.999983191 0.001394989 -0.262364626 -0.005397910 -0.001425349 0.999984443 47.953136444
0.999968946 0.005535006 0.005612335 -2.853334904 -0.005541506 0.999983966 0.001143376 -0.263947695 -0.005605917 -0.001174441 0.999983609 48.151523590
0.999975979 0.005957232 0.003541653 -2.787500143 -0.005960895 0.999981701 0.001024454 -0.277359366 -0.003535486 -0.001045541 0.999993205 48.294322968
0.999965966 0.007602048 0.003199555 -2.818375587 -0.007607831 0.999969423 0.001799220 -0.294252068 -0.003185780 -0.001823500 0.999993265 48.521930695
0.999973595 0.006813477 0.002521829 -2.802473068 -0.006817937 0.999975204 0.001764142 -0.289598286 -0.002509747 -0.001781289 0.999995291 48.666011810
0.999979019 0.006427087 0.000838684 -2.799404621 -0.006428240 0.999978364 0.001379092 -0.287579089 -0.000829803 -0.001384454 0.999998689 48.856178284
0.999973238 0.007162163 0.001504940 -2.820264578 -0.007163985 0.999973595 0.001208773 -0.295358777 -0.001496243 -0.001219522 0.999998152 49.060749054
0.999957860 0.009046555 0.001563967 -2.866177559 -0.009048510 0.999958277 0.001247907 -0.303263783 -0.001552613 -0.001262006 0.999997973 49.291801453
0.999967039 0.008055454 0.000996245 -2.876437902 -0.008056080 0.999967337 0.000626319 -0.293120712 -0.000991167 -0.000634324 0.999999285 49.461776733
0.999963343 0.008468620 0.001259422 -2.884243011 -0.008468414 0.999964118 -0.000168746 -0.294812232 -0.001260806 0.000158075 0.999999166 49.615108490
0.999971449 0.007333017 0.001808875 -2.915570498 -0.007332791 0.999973118 -0.000131383 -0.292344749 -0.001809790 0.000118116 0.999998331 49.828933716
0.999959171 0.008717180 0.002384659 -2.942613363 -0.008716270 0.999961913 -0.000391939 -0.295550793 -0.002387985 0.000371138 0.999997079 50.019828796
0.999967992 0.007451111 0.002921338 -2.967901230 -0.007449670 0.999972105 -0.000503876 -0.279950708 -0.002925012 0.000482097 0.999995589 50.205516815
0.999955833 0.008678474 0.003602715 -3.005217314 -0.008674930 0.999961853 -0.000998131 -0.285930961 -0.003611240 0.000966834 0.999993026 50.410278320
0.999958992 0.008371364 0.003451339 -3.037757635 -0.008368929 0.999964714 -0.000719321 -0.285178840 -0.003457238 0.000690408 0.999993801 50.661109924
0.999947667 0.009219321 0.004429383 -3.070469856 -0.009214296 0.999956906 -0.001153666 -0.290237486 -0.004439828 0.001112792 0.999989510 50.857383728
0.999943912 0.008843130 0.005824885 -3.123366833 -0.008834185 0.999959767 -0.001559719 -0.290690511 -0.005838444 0.001508174 0.999981821 51.090007782
0.999951005 0.007646103 0.006282695 -3.188239813 -0.007636514 0.999969661 -0.001548817 -0.278029680 -0.006294347 0.001500763 0.999979079 51.376537323
0.999936283 0.008434527 0.007503925 -3.236802340 -0.008419770 0.999962568 -0.001995974 -0.276875556 -0.007520479 0.001932666 0.999969840 51.608295441
0.999909520 0.008931778 0.010061330 -3.305498838 -0.008899791 0.999955237 -0.003219547 -0.274151742 -0.010089636 0.003129712 0.999944210 51.854667664
0.999909043 0.007926728 0.010910085 -3.380114794 -0.007874359 0.999957323 -0.004834635 -0.272357047 -0.010947942 0.004748285 0.999928772 52.175624847
0.999879956 0.008355245 0.013050486 -3.422296286 -0.008270789 0.999944568 -0.006512111 -0.280184150 -0.013104173 0.006403391 0.999893606 52.440189362
0.999839246 0.008022493 0.016035624 -3.504898071 -0.007914143 0.999945521 -0.006808890 -0.270386934 -0.016089374 0.006680887 0.999848247 52.761787415
0.999757767 0.009739302 0.019737490 -3.559786081 -0.009618162 0.999934375 -0.006223235 -0.267087936 -0.019796804 0.006031889 0.999785841 53.067951202
0.999686897 0.010447263 0.022736302 -3.598948717 -0.010329294 0.999932587 -0.005299835 -0.258368045 -0.022790138 0.005063326 0.999727428 53.398239136
0.999543071 0.011079276 0.028123848 -3.667040586 -0.010924970 0.999924421 -0.005634394 -0.248323843 -0.028184149 0.005324567 0.999588549 53.740222931
0.999390185 0.010622686 0.033262398 -3.697876692 -0.010420470 0.999926209 -0.006246845 -0.242086038 -0.033326302 0.005896426 0.999427140 54.090888977
0.999173105 0.008954632 0.039660148 -3.752598524 -0.008731818 0.999945104 -0.005787776 -0.232431456 -0.039709799 0.005436685 0.999196470 54.436355591
0.998962998 0.008598696 0.044710055 -3.756920099 -0.008375455 0.999951541 -0.005178022 -0.233897984 -0.044752412 0.004798185 0.998986602 54.719215393
0.998658121 0.008998431 0.050999437 -3.780614853 -0.008716208 0.999945462 -0.005753573 -0.227067679 -0.051048428 0.005301330 0.998682082 55.026836395
0.998358250 0.009861424 0.056423396 -3.777621984 -0.009478343 0.999930203 -0.007052992 -0.224713832 -0.056489009 0.006506613 0.998382032 55.342990875
0.998005450 0.010549499 0.062240329 -3.785042286 -0.010020019 0.999910951 -0.008813037 -0.220528036 -0.062327761 0.008171809 0.998022258 55.677612305
0.997622013 0.011084530 0.068025663 -3.772852182 -0.010488248 0.999903440 -0.009116448 -0.219365582 -0.068120144 0.008381300 0.997641921 56.016216278
0.997193694 0.010511217 0.074123144 -3.759693146 -0.009973172 0.999921203 -0.007625191 -0.225152433 -0.074197449 0.006864550 0.997219920 56.363388062
0.996710420 0.010143538 0.080407746 -3.737628698 -0.009579788 0.999926805 -0.007393833 -0.222676322 -0.080476858 0.006599221 0.996734619 56.737751007
0.996253252 0.010636924 0.085827291 -3.688657761 -0.010041769 0.999922454 -0.007363090 -0.230367839 -0.085898958 0.006473645 0.996282816 57.092407227
0.995689690 0.010507818 0.092149854 -3.702553988 -0.009841319 0.999922037 -0.007684215 -0.217856869 -0.092223413 0.006744218 0.995715499 57.578937531
0.995033205 0.010174408 0.099022463 -3.697968960 -0.009395905 0.999921203 -0.008325077 -0.215380728 -0.099099360 0.007353322 0.995050371 58.062892914
0.994410753 0.009529291 0.105149880 -3.677895069 -0.008743426 0.999930322 -0.007932196 -0.211386949 -0.105218135 0.006968491 0.994424760 58.577907562
0.993747830 0.010677437 0.111136280 -3.649789095 -0.009896227 0.999922335 -0.007578574 -0.215442747 -0.111208566 0.006431361 0.993776262 59.087276459
0.992972374 0.010304962 0.117896721 -3.623076677 -0.009473477 0.999926150 -0.007610904 -0.230097085 -0.117966443 0.006440525 0.992996693 59.612087250
0.992273092 0.009672931 0.123695485 -3.542669535 -0.008823321 0.999933600 -0.007414536 -0.242161602 -0.123758987 0.006265840 0.992292523 60.240345001
0.991591215 0.009523602 0.129058540 -3.458581448 -0.008669445 0.999936640 -0.007178545 -0.251088083 -0.129118741 0.005999317 0.991611004 60.879932404
0.990806997 0.009791340 0.134928301 -3.373164654 -0.008982847 0.999937892 -0.006599539 -0.264095187 -0.134984538 0.005326829 0.990833402 61.532619476
0.990052581 0.009387584 0.140384287 -3.264630795 -0.008530254 0.999941111 -0.006707527 -0.268358827 -0.140438989 0.005443291 0.990074396 62.208625793
0.989284754 0.009572065 0.145684823 -3.162196875 -0.008753126 0.999942064 -0.006261307 -0.276582688 -0.145736322 0.004919018 0.989311218 62.875225067
0.988433063 0.009144962 0.151381761 -3.069107533 -0.008321378 0.999946952 -0.006073058 -0.286945254 -0.151429266 0.004743107 0.988456726 63.552776337
0.987909377 0.008391840 0.154805064 -2.949364424 -0.007480251 0.999951065 -0.006470201 -0.294747919 -0.154851794 0.005233991 0.987923861 64.238967896
0.987589300 0.007559818 0.156876370 -2.835669756 -0.006782615 0.999961913 -0.005488991 -0.305850178 -0.156911895 0.004356837 0.987603009 64.940818787
0.987385809 0.006598129 0.158195257 -2.724467278 -0.005784890 0.999967575 -0.005600658 -0.316012919 -0.158227086 0.004614868 0.987391949 65.644477844
0.987249792 0.006972380 0.159025773 -2.612323999 -0.006037470 0.999961555 -0.006361360 -0.323733002 -0.159064010 0.005320138 0.987253964 66.361732483
0.987282336 0.007426864 0.158802971 -2.499546289 -0.006453944 0.999957144 -0.006641437 -0.333071589 -0.158845484 0.005532068 0.987287939 67.090446472
0.987397492 0.007708801 0.158072129 -2.386704922 -0.006662982 0.999952257 -0.007144977 -0.342332125 -0.158119664 0.006001701 0.987401724 67.831436157
0.987615883 0.007710519 0.156701669 -2.266741276 -0.006575090 0.999948263 -0.007762881 -0.349101067 -0.156753421 0.006636417 0.987615466 68.584693909
0.987849891 0.007476761 0.155231282 -2.150942802 -0.006274393 0.999946415 -0.008234177 -0.361139536 -0.155284524 0.007160149 0.987843812 69.348365784
0.988174319 0.006798893 0.153183833 -2.029231787 -0.005635183 0.999951899 -0.008029717 -0.370910466 -0.153231055 0.007071541 0.988165081 70.119064331
0.988543570 0.007292116 0.150759503 -1.919132113 -0.006181148 0.999950171 -0.007836447 -0.385724127 -0.150809139 0.006814803 0.988539398 70.903388977
0.989140391 0.006459365 0.146831900 -1.799795747 -0.005377719 0.999955416 -0.007762336 -0.395142496 -0.146875486 0.006888419 0.989131033 71.693580627
0.989718974 0.006652629 0.142870963 -1.698783636 -0.005749620 0.999960780 -0.006732366 -0.413688749 -0.142910153 0.005841697 0.989718437 72.471862793
0.990345597 0.006375486 0.138473779 -1.596119881 -0.005660329 0.999968529 -0.005557752 -0.426743865 -0.138504863 0.004720288 0.990350485 73.260818481
0.990996301 0.006167584 0.133747011 -1.480271220 -0.005590319 0.999973357 -0.004691198 -0.430301994 -0.133772388 0.003901271 0.991004407 74.076194763
0.991720974 0.006033280 0.128269523 -1.375011444 -0.005581450 0.999976873 -0.003881667 -0.443028331 -0.128289968 0.003133601 0.991731763 74.876495361
0.992348552 0.005498490 0.123345688 -1.287257552 -0.005160553 0.999981999 -0.003059075 -0.455677956 -0.123360284 0.002399136 0.992359042 75.666404724
0.992990732 0.005224738 0.118076622 -1.200672746 -0.004932182 0.999984026 -0.002769760 -0.466130257 -0.118089199 0.002167971 0.993000627 76.458755493
0.993610680 0.005679797 0.112718865 -1.114142418 -0.005365429 0.999980807 -0.003092115 -0.470123947 -0.112734266 0.002467573 0.993622124 77.250015259
0.994235694 0.005988355 0.107049175 -1.036806107 -0.005701357 0.999979258 -0.002986838 -0.482162446 -0.107064843 0.002359295 0.994249225 78.037452698
0.994865775 0.006573270 0.100989424 -0.961454332 -0.006296512 0.999975502 -0.003058981 -0.494695187 -0.101007052 0.002407395 0.994882822 78.828048706
0.995388448 0.006561997 0.095701225 -0.887794375 -0.006255233 0.999974310 -0.003505086 -0.501582384 -0.095721766 0.002890289 0.995403945 79.613632202
0.995942235 0.006835704 0.089734495 -0.817606270 -0.006549559 0.999972463 -0.003482864 -0.510348856 -0.089755833 0.002881010 0.995959640 80.401100159
0.996395051 0.006793454 0.084562123 -0.757878304 -0.006558769 0.999973834 -0.003052800 -0.527224422 -0.084580652 0.002487171 0.996413529 81.182800293
0.996823251 0.008135729 0.079228975 -0.701275826 -0.007913100 0.999963820 -0.003123520 -0.532518804 -0.079251520 0.002486651 0.996851563 81.951644897
0.997249007 0.008683841 0.073613718 -0.650583804 -0.008479977 0.999959290 -0.003081470 -0.544995725 -0.073637478 0.002448751 0.997282088 82.724250793
0.997615516 0.008143829 0.068533987 -0.600265861 -0.007950378 0.999963582 -0.003095003 -0.556051135 -0.068556696 0.002542752 0.997644007 83.482872009
0.997975409 0.008159344 0.063075744 -0.558673263 -0.008006038 0.999964356 -0.002682871 -0.569215834 -0.063095391 0.002172452 0.998005152 84.251220703
0.998280048 0.008139967 0.058057304 -0.516499102 -0.007976507 0.999963522 -0.003046681 -0.575497568 -0.058079988 0.002578347 0.998308599 85.029525757
0.998512387 0.008916806 0.053791046 -0.477638066 -0.008753262 0.999956310 -0.003275200 -0.589181840 -0.053817902 0.002799481 0.998546839 85.778549194
0.998729229 0.009481532 0.049497478 -0.440933704 -0.009358667 0.999952555 -0.002713428 -0.600065291 -0.049520854 0.002246750 0.998770535 86.544136047
0.998886526 0.009545918 0.046201620 -0.422648847 -0.009436580 0.999952137 -0.002584048 -0.612990439 -0.046224076 0.002145185 0.998928785 87.305641174
0.999029279 0.009433401 0.043028656 -0.395436496 -0.009366243 0.999954581 -0.001762099 -0.621138692 -0.043043323 0.001357372 0.999072313 88.067680359
0.999161839 0.009219114 0.039882272 -0.365630418 -0.009156340 0.999956548 -0.001756362 -0.630711079 -0.039896730 0.001389715 0.999202847 88.815849304
0.999242365 0.009541598 0.037731003 -0.348419487 -0.009439177 0.999951243 -0.002891728 -0.641357541 -0.037756756 0.002533388 0.999283731 89.570655823
0.999314845 0.010228653 0.035569526 -0.323607206 -0.010098867 0.999941707 -0.003826552 -0.649390876 -0.035606593 0.003464719 0.999359906 90.325363159
0.999367297 0.010185735 0.034076780 -0.300815493 -0.010046306 0.999940455 -0.004260345 -0.659224868 -0.034118146 0.003915304 0.999410152 91.084152222
0.999418676 0.009561088 0.032725342 -0.281245232 -0.009445108 0.999948561 -0.003696820 -0.671836436 -0.032759007 0.003385577 0.999457538 91.841552734
0.999457657 0.009610920 0.031495959 -0.263276547 -0.009483906 0.999946296 -0.004179627 -0.682109058 -0.031534437 0.003878656 0.999495149 92.604545593
0.999499619 0.009297430 0.030234415 -0.245005935 -0.009171064 0.999948621 -0.004315541 -0.693171859 -0.030272985 0.004036100 0.999533534 93.370040894
0.999529481 0.010230133 0.028915918 -0.230955794 -0.010104750 0.999938905 -0.004478921 -0.703102708 -0.028959971 0.004184625 0.999571800 94.142860413
0.999563456 0.009933211 0.027824394 -0.217307031 -0.009817041 0.999942541 -0.004308582 -0.717207789 -0.027865594 0.004033548 0.999603570 94.921485901
0.999601007 0.010017280 0.026410211 -0.192101315 -0.009903630 0.999941170 -0.004430554 -0.726893842 -0.026453039 0.004167229 0.999641359 95.709579468
0.999621153 0.010457283 0.025459936 -0.194840819 -0.010350191 0.999937057 -0.004334432 -0.741865337 -0.025503660 0.004069275 0.999666452 96.475898743
0.999632776 0.010436905 0.025007542 -0.209917739 -0.010322323 0.999935627 -0.004706618 -0.749995172 -0.025055055 0.004446754 0.999676168 97.233901978
0.999613166 0.012406386 0.024892220 -0.252408564 -0.012270176 0.999908924 -0.005617319 -0.746379077 -0.024959644 0.005309714 0.999674380 97.957649231
0.999602139 0.013222866 0.024915252 -0.293573081 -0.013065871 0.999893785 -0.006453435 -0.739084542 -0.024997938 0.006125328 0.999668717 98.674720764
0.999600828 0.013405808 0.024868630 -0.344516754 -0.013239205 0.999888897 -0.006851932 -0.732735455 -0.024957722 0.006519956 0.999667227 99.392234802
0.999633849 0.012707763 0.023889102 -0.366044343 -0.012553296 0.999899387 -0.006604916 -0.749523699 -0.023970634 0.006302611 0.999692798 100.166465759
0.999650180 0.012691013 0.023204394 -0.413352400 -0.012538732 0.999898970 -0.006696330 -0.746851861 -0.023287032 0.006403034 0.999708295 100.912513733
0.999653339 0.013333802 0.022703899 -0.481430650 -0.013186046 0.999890983 -0.006645292 -0.745199978 -0.022790030 0.006343613 0.999720156 101.650215149
0.999691010 0.012348396 0.021574285 -0.502623916 -0.012197901 0.999900460 -0.007093401 -0.739648461 -0.021659730 0.006828048 0.999742091 102.330436707
0.999686360 0.013375234 0.021172253 -0.561585367 -0.013215943 0.999883413 -0.007645729 -0.734462142 -0.021272048 0.007363521 0.999746621 103.045829773
0.999694347 0.013620597 0.020632042 -0.615580797 -0.013438595 0.999869764 -0.008934447 -0.732117116 -0.020751048 0.008654450 0.999747217 103.753364563
0.999688625 0.014251050 0.020484352 -0.681928754 -0.014052446 0.999853194 -0.009806873 -0.729691982 -0.020621104 0.009515964 0.999742091 104.473999023
0.999670029 0.015483183 0.020495901 -0.745509028 -0.015260373 0.999823213 -0.010983078 -0.727960706 -0.020662330 0.010666679 0.999729633 105.264007568
0.999767005 0.014028705 0.016405243 -0.677815318 -0.013874185 0.999858677 -0.009495090 -0.772765756 -0.016536130 0.009265268 0.999820352 106.249374390
0.999788463 0.014510158 0.014577800 -0.669621766 -0.014375784 0.999853611 -0.009280610 -0.785203815 -0.014710329 0.009069080 0.999850690 107.151489258
0.999809980 0.014874886 0.012600155 -0.661637545 -0.014760748 0.999849617 -0.009103506 -0.799871206 -0.012733673 0.008915788 0.999879181 108.075378418
0.999824107 0.015174968 0.011019979 -0.667300522 -0.015081730 0.999850154 -0.008495244 -0.812245309 -0.011147243 0.008327550 0.999903202 109.010520935
0.999843836 0.015415400 0.008640698 -0.660247326 -0.015341832 0.999846041 -0.008516752 -0.825319946 -0.008770658 0.008382858 0.999926388 109.931411743
0.999856472 0.015303643 0.007270231 -0.665752947 -0.015247049 0.999853492 -0.007777051 -0.846799254 -0.007388183 0.007665085 0.999943316 110.863731384
0.999867082 0.015331076 0.005550341 -0.663229227 -0.015280874 0.999842942 -0.008976982 -0.855986953 -0.005687096 0.008890974 0.999944329 111.826126099
0.999887764 0.014733410 0.002719308 -0.653975189 -0.014707331 0.999847889 -0.009373400 -0.871455431 -0.002856997 0.009332354 0.999952376 112.772766113
0.999902666 0.013885058 0.001372333 -0.663563371 -0.013872135 0.999863148 -0.009014883 -0.891246974 -0.001497317 0.008994968 0.999958396 113.721786499
0.999889076 0.014892339 -0.000230540 -0.681032598 -0.014893751 0.999853790 -0.008402053 -0.907606125 0.000105380 0.008404555 0.999964654 114.697547913
0.999892354 0.014505892 -0.002191276 -0.688394189 -0.014524466 0.999856532 -0.008712596 -0.923452795 0.002064578 0.008743485 0.999959648 115.648941040
0.999885619 0.014815580 -0.003046078 -0.702240705 -0.014841223 0.999853075 -0.008575439 -0.934846103 0.002918580 0.008619665 0.999958575 116.604820251
0.999875247 0.015230981 -0.004182835 -0.709563792 -0.015262218 0.999855101 -0.007540690 -0.953758597 0.004067376 0.007603589 0.999962807 117.582275391
0.999874651 0.015146845 -0.004612645 -0.749083757 -0.015178304 0.999861240 -0.006863493 -0.972359002 0.004508045 0.006932644 0.999965787 118.516342163
0.999850035 0.016621558 -0.004867353 -0.770758212 -0.016655225 0.999837041 -0.006960007 -0.982834160 0.004750873 0.007040030 0.999963939 119.464904785
0.999831796 0.017035609 -0.006798417 -0.738791645 -0.017076716 0.999835968 -0.006035035 -1.004566550 0.006694491 0.006150115 0.999958694 120.480010986
0.999851048 0.016338581 -0.005557268 -0.815745115 -0.016371533 0.999848366 -0.005936757 -1.018352509 0.005459427 0.006026854 0.999966919 121.351104736
0.999834418 0.017822197 -0.003673473 -0.888351738 -0.017846616 0.999818146 -0.006725181 -1.034064651 0.003552947 0.006789627 0.999970615 122.170715332
0.999822557 0.018745612 -0.001854899 -0.940405786 -0.018758770 0.999797046 -0.007350544 -1.049143195 0.001716732 0.007384035 0.999971271 122.916664124
0.999830484 0.018324550 -0.001802810 -0.927524030 -0.018338913 0.999797344 -0.008302458 -1.050727725 0.001650306 0.008334111 0.999963880 123.565727234
0.999775469 0.020787297 -0.004110256 -0.900058270 -0.020819338 0.999751925 -0.007912548 -1.077973843 0.003944756 0.007996345 0.999960244 124.231750488
0.999726236 0.023018554 -0.004197386 -0.915913820 -0.023052204 0.999701023 -0.008153217 -1.093643904 0.004008456 0.008247743 0.999957979 124.930343628
0.999761105 0.021593900 -0.003390274 -0.920358419 -0.021618415 0.999739110 -0.007368934 -1.106763840 0.003230266 0.007440466 0.999967098 125.603927612
0.999702275 0.024128426 -0.003628220 -0.925041914 -0.024153979 0.999682546 -0.007171974 -1.125039339 0.003454020 0.007257475 0.999967694 126.278900146
0.999713242 0.023675768 -0.003589294 -0.929947436 -0.023699760 0.999696016 -0.006796095 -1.135997295 0.003427300 0.006879211 0.999970436 126.959938049
0.999714196 0.023723044 -0.002956010 -0.947622418 -0.023741439 0.999697983 -0.006351797 -1.147292137 0.002804433 0.006420162 0.999975443 127.657341003
0.999660254 0.025966136 -0.002261345 -0.976906121 -0.025978906 0.999645591 -0.005813863 -1.166957736 0.002109580 0.005870635 0.999980569 128.364196777
0.999733746 0.022922376 -0.002640581 -0.953885317 -0.022938726 0.999716759 -0.006337122 -1.171274066 0.002494572 0.006396006 0.999976456 128.998764038
